robot_id	message_ts_sec	message_ts_nanosec	processing_ts	arrival_ts
robot_8	1779990028	994837515	1779990028996558715	1779990029011333353
robot_8	1779990029	94943104	1779990029097935049	1779990029098629687
robot_8	1779990029	194992049	1779990029196865005	1779990029197834875
robot_8	1779990029	294966017	1779990029296286115	1779990029297011109
robot_8	1779990029	395161641	1779990029396625514	1779990029397375667
robot_8	1779990029	495169911	1779990029498774215	1779990029499351431
robot_8	1779990029	594894881	1779990029596033426	1779990029596666488
robot_8	1779990029	695017578	1779990029696693367	1779990029697587532
robot_8	1779990029	794862316	1779990029795886602	1779990029796575103
robot_8	1779990029	895083823	1779990029898258943	1779990029898991591
robot_8	1779990030	994878709	1779990030996182926	1779990031018350866
robot_7	1779990031	33240299	1779990031034453135	1779990031035131134
robot_8	1779990031	95270992	1779990031098050061	1779990031098622373
robot_7	1779990031	133232829	1779990031134539274	1779990031135385750
robot_8	1779990031	194863060	1779990031196157208	1779990031196877874
robot_7	1779990031	233230789	1779990031234656001	1779990031235500327
robot_8	1779990031	294883594	1779990031296164744	1779990031296810393
robot_7	1779990031	333402031	1779990031334887259	1779990031335658208
robot_8	1779990031	394830796	1779990031395976436	1779990031396535900
robot_7	1779990031	433286483	1779990031435038815	1779990031436730989
robot_8	1779990031	495221153	1779990031498481241	1779990031499149639
robot_7	1779990031	533170300	1779990031534349967	1779990031535074840
robot_8	1779990031	594849891	1779990031595972662	1779990031596531047
robot_7	1779990031	633180441	1779990031634520095	1779990031635200997
robot_8	1779990031	694891062	1779990031696136601	1779990031696685040
robot_7	1779990031	733335683	1779990031735315970	1779990031736118400
robot_8	1779990031	794815036	1779990031796121453	1779990031796666078
robot_7	1779990031	833152571	1779990031834359756	1779990031835020476
robot_8	1779990031	894944815	1779990031897831620	1779990031898456585
robot_7	1779990031	933278228	1779990031934637854	1779990031935452784
robot_8	1779990032	994923359	1779990032996336226	1779990033019411291
robot_7	1779990033	33210415	1779990033034512820	1779990033035229120
robot_8	1779990033	95014011	1779990033098606405	1779990033099488972
robot_7	1779990033	133224238	1779990033134506198	1779990033135318887
robot_8	1779990033	195022557	1779990033196138527	1779990033196778840
robot_7	1779990033	233163208	1779990033234379066	1779990033235055147
robot_8	1779990033	294973374	1779990033296178194	1779990033296853783
robot_7	1779990033	333313746	1779990033334644272	1779990033335429807
robot_8	1779990033	394824062	1779990033395889165	1779990033396444471
robot_7	1779990033	433150893	1779990033434271240	1779990033434950619
robot_8	1779990033	494902005	1779990033498117627	1779990033498821404
robot_7	1779990033	533222931	1779990033534356798	1779990033535015424
robot_8	1779990033	594853080	1779990033596205439	1779990033596936874
robot_7	1779990033	633259839	1779990033634489495	1779990033635416725
robot_8	1779990033	694866591	1779990033696050763	1779990033696641750
robot_7	1779990033	733229989	1779990033734611580	1779990033735468491
robot_8	1779990033	794839312	1779990033795967689	1779990033796560502
robot_7	1779990033	833121029	1779990033834265913	1779990033835011439
robot_8	1779990033	895046081	1779990033898046150	1779990033898700029
robot_7	1779990033	933228594	1779990033934593362	1779990033935418833
robot_8	1779990034	994809857	1779990034996028872	1779990035022258064
robot_8	1779990035	95195640	1779990035097942145	1779990035098475455
robot_8	1779990035	194881018	1779990035196311444	1779990035197039487
robot_8	1779990035	294918799	1779990035296171977	1779990035296980291
robot_8	1779990035	394902178	1779990035397166684	1779990035397787980
robot_8	1779990035	495040298	1779990035498045074	1779990035498716324
robot_8	1779990035	594886774	1779990035595954615	1779990035596671510
robot_8	1779990035	694835868	1779990035696085332	1779990035696666832
robot_8	1779990035	794800766	1779990035795927496	1779990035796498522
robot_8	1779990035	895012576	1779990035898142641	1779990035898770715
robot_8	1779990036	994889278	1779990036995993070	1779990037024403683
robot_8	1779990037	95199487	1779990037098231911	1779990037098789432
robot_8	1779990037	195061323	1779990037196384052	1779990037197342770
robot_8	1779990037	294908088	1779990037296010360	1779990037296634298
robot_8	1779990037	394857662	1779990037396194705	1779990037396904546
robot_8	1779990037	494928447	1779990037497835783	1779990037498475335
robot_8	1779990037	595010684	1779990037596302156	1779990037596979230
robot_8	1779990037	694880975	1779990037696152700	1779990037696824577
robot_8	1779990037	794831299	1779990037796011362	1779990037796602017
robot_8	1779990037	895136659	1779990037897947159	1779990037898550648
robot_8	1779990038	994825432	1779990038995840107	1779990039025277414
robot_8	1779990039	94984445	1779990039097670992	1779990039098286258
robot_8	1779990039	194839346	1779990039196026402	1779990039196688047
robot_8	1779990039	294889385	1779990039296119457	1779990039296640711
robot_8	1779990039	395245055	1779990039396303913	1779990039396841242
robot_8	1779990039	494950391	1779990039497714439	1779990039498247034
robot_8	1779990039	594946692	1779990039596012003	1779990039596586566
robot_8	1779990039	694908775	1779990039695919619	1779990039696501273
robot_8	1779990039	794748928	1779990039795809616	1779990039796360663
robot_8	1779990039	895171865	1779990039897649817	1779990039898228160
robot_8	1779990040	994773595	1779990040995791917	1779990041026302851
robot_8	1779990041	94970543	1779990041097539696	1779990041098120412
robot_8	1779990041	194892935	1779990041195820200	1779990041196376548
robot_8	1779990041	294821339	1779990041295748951	1779990041296405739
robot_8	1779990041	394807334	1779990041395815373	1779990041396619902
robot_8	1779990041	495333153	1779990041497660404	1779990041498415157
robot_8	1779990041	595011968	1779990041596040952	1779990041596778785
robot_8	1779990041	695073659	1779990041696135455	1779990041696845538
robot_8	1779990041	794935935	1779990041796154616	1779990041796799816
robot_8	1779990041	895007510	1779990041897709880	1779990041898416738
robot_8	1779990042	994851874	1779990042996005728	1779990043028298905
robot_8	1779990043	94952320	1779990043097528994	1779990043098081195
robot_8	1779990043	195541612	1779990043198461064	1779990043199312425
robot_8	1779990043	294873373	1779990043295911188	1779990043296488175
robot_8	1779990043	395118406	1779990043396218627	1779990043396837177
robot_8	1779990043	495149350	1779990043498402373	1779990043499011413
robot_8	1779990043	594868414	1779990043595969217	1779990043596529613
robot_8	1779990043	694909556	1779990043695759851	1779990043696322616
robot_8	1779990043	794737812	1779990043795670412	1779990043796220035
robot_8	1779990043	894956484	1779990043898154585	1779990043898861994
robot_8	1779990044	994818785	1779990044995957905	1779990045030361215
robot_8	1779990045	95327356	1779990045097866492	1779990045098504817
robot_8	1779990045	194956607	1779990045195950239	1779990045196543488
robot_8	1779990045	294866607	1779990045295833953	1779990045296476435
robot_8	1779990045	394864386	1779990045395895430	1779990045396514335
robot_8	1779990045	495219170	1779990045499274457	1779990045499935438
robot_8	1779990045	594817095	1779990045595760061	1779990045596351476
robot_8	1779990045	694842222	1779990045695866165	1779990045696399617
robot_8	1779990045	794764898	1779990045795868129	1779990045796512017
robot_8	1779990045	895178171	1779990045898043725	1779990045898609195
robot_8	1779990046	994877728	1779990046995789748	1779990047033293432
robot_8	1779990047	95345145	1779990047097876992	1779990047098572628
robot_8	1779990047	194849090	1779990047195904707	1779990047196487745
robot_8	1779990047	294893438	1779990047295984527	1779990047296635979
robot_8	1779990047	394804196	1779990047396137790	1779990047396781955
robot_8	1779990047	494961222	1779990047497630797	1779990047498257566
robot_8	1779990047	594943106	1779990047596027484	1779990047596691954
robot_8	1779990047	694847942	1779990047695665902	1779990047696305561
robot_8	1779990047	794845295	1779990047795701416	1779990047796313812
robot_8	1779990047	895067822	1779990047898206487	1779990047898757397
robot_8	1779990048	994880402	1779990048995913016	1779990049035253131
robot_8	1779990049	95033301	1779990049098965726	1779990049099666831
robot_8	1779990049	195049732	1779990049196126884	1779990049196887946
robot_8	1779990049	294884139	1779990049295778583	1779990049296357386
robot_8	1779990049	394895713	1779990049396115890	1779990049396668895
robot_8	1779990049	495063588	1779990049498536452	1779990049499156843
robot_8	1779990049	594889550	1779990049595764978	1779990049596477987
robot_8	1779990049	695217486	1779990049696862391	1779990049698249194
robot_8	1779990049	795000668	1779990049796121063	1779990049797358808
robot_8	1779990049	895070351	1779990049898426965	1779990049899052887
robot_8	1779990050	994863772	1779990050995773580	1779990051037461462
robot_7	1779990051	33127982	1779990051034391916	1779990051037797436
robot_8	1779990051	95033488	1779990051097791122	1779990051098365169
robot_7	1779990051	133462241	1779990051134995009	1779990051135862805
robot_8	1779990051	194907802	1779990051195948294	1779990051196652359
robot_7	1779990051	233142601	1779990051234519806	1779990051235227047
robot_8	1779990051	295142675	1779990051297391115	1779990051298210140
robot_7	1779990051	333299973	1779990051334728884	1779990051335442338
robot_8	1779990051	394828348	1779990051395746752	1779990051396414790
robot_7	1779990051	433157061	1779990051434207973	1779990051435141571
robot_8	1779990051	495013054	1779990051498087583	1779990051498706278
robot_7	1779990051	533200331	1779990051534457932	1779990051535208679
robot_8	1779990051	594856677	1779990051595859558	1779990051596401805
robot_7	1779990051	633210657	1779990051634602450	1779990051635577062
robot_8	1779990051	694891942	1779990051696123015	1779990051696663097
robot_7	1779990051	733336010	1779990051734780887	1779990051735620405
robot_8	1779990051	795284713	1779990051796270595	1779990051796823829
robot_7	1779990051	833249995	1779990051834472154	1779990051835181196
robot_8	1779990051	895077432	1779990051898544469	1779990051899238881
robot_7	1779990051	933172537	1779990051934366667	1779990051935156205
robot_8	1779990051	994876842	1779990051995849210	1779990051996505768
robot_7	1779990053	33199961	1779990053034493836	1779990053039296903
robot_8	1779990053	94928010	1779990053098168418	1779990053098688672
robot_7	1779990053	133181797	1779990053134626149	1779990053135800391
robot_8	1779990053	195026739	1779990053196083216	1779990053196681351
robot_7	1779990053	233159607	1779990053234347302	1779990053235018525
robot_8	1779990053	294998138	1779990053296044880	1779990053296806243
robot_7	1779990053	333201895	1779990053334657981	1779990053335806813
robot_8	1779990053	394895951	1779990053396375724	1779990053397399202
robot_7	1779990053	433656648	1779990053435164366	1779990053435895111
robot_8	1779990053	495254660	1779990053498353300	1779990053498879319
robot_7	1779990053	533151503	1779990053534364164	1779990053535038114
robot_8	1779990053	594832141	1779990053595950164	1779990053596666041
robot_7	1779990053	633195541	1779990053634455545	1779990053635216866
robot_8	1779990053	695057895	1779990053696375567	1779990053697065619
robot_7	1779990053	733374898	1779990053734723216	1779990053735560081
robot_8	1779990053	794825955	1779990053795930002	1779990053796839186
robot_7	1779990053	833356601	1779990053834627032	1779990053835549143
robot_8	1779990053	895053438	1779990053898039075	1779990053898706187
robot_7	1779990053	933164298	1779990053934255645	1779990053935083004
robot_8	1779990053	995009824	1779990053996197458	1779990053996747988
robot_7	1779990055	33241834	1779990055034782826	1779990055040342466
robot_8	1779990055	95335518	1779990055099781986	1779990055100418308
robot_7	1779990055	133531226	1779990055135629141	1779990055136505893
robot_8	1779990055	194910154	1779990055195879803	1779990055196404480
robot_7	1779990055	233205339	1779990055234523997	1779990055235155129
robot_8	1779990055	294870392	1779990055295751306	1779990055296352792
robot_7	1779990055	333452684	1779990055334844688	1779990055335648282
robot_8	1779990055	394823626	1779990055395708178	1779990055396284117
robot_7	1779990055	433197952	1779990055434386957	1779990055435121165
robot_8	1779990055	494936379	1779990055498166520	1779990055499080222
robot_7	1779990055	533199245	1779990055535813280	1779990055536708051
robot_8	1779990055	594924205	1779990055595896516	1779990055596480635
robot_7	1779990055	633232333	1779990055634938056	1779990055635914673
robot_8	1779990055	694914452	1779990055696065231	1779990055696618269
robot_7	1779990055	733422658	1779990055734981051	1779990055735718029
robot_8	1779990055	794750146	1779990055795819871	1779990055796400076
robot_7	1779990055	833218036	1779990055834376017	1779990055835039031
robot_8	1779990055	895031211	1779990055897766768	1779990055898333628
robot_7	1779990055	933245670	1779990055934438002	1779990055935085590
robot_8	1779990055	995107082	1779990055996056046	1779990055996693115
robot_7	1779990057	33220532	1779990057034365791	1779990057042330227
robot_8	1779990057	95032103	1779990057098963243	1779990057099631219
robot_7	1779990057	133211613	1779990057134436024	1779990057135289054
robot_8	1779990057	194917688	1779990057196048376	1779990057196791465
robot_7	1779990057	233184241	1779990057234351380	1779990057235002436
robot_8	1779990057	294835036	1779990057295669246	1779990057296249977
robot_7	1779990057	333345388	1779990057334816123	1779990057335531036
robot_8	1779990057	394935945	1779990057395983802	1779990057396599967
robot_7	1779990057	433227738	1779990057434342787	1779990057435183505
robot_8	1779990057	495012313	1779990057498909764	1779990057499567289
robot_7	1779990057	533172632	1779990057534438871	1779990057535286276
robot_8	1779990057	594861428	1779990057595781003	1779990057596407762
robot_7	1779990057	633185968	1779990057634291784	1779990057634993591
robot_8	1779990057	694899682	1779990057695779332	1779990057696470071
robot_7	1779990057	733283552	1779990057734926645	1779990057735765843
robot_8	1779990057	794774962	1779990057795720682	1779990057796289329
robot_7	1779990057	833145841	1779990057834333700	1779990057835044070
robot_8	1779990057	895525687	1779990057898758470	1779990057899433749
robot_7	1779990057	933140205	1779990057934322938	1779990057935052430
robot_8	1779990057	994817608	1779990057995785390	1779990057996352010
robot_7	1779990059	33205184	1779990059034353116	1779990059045357516
robot_8	1779990059	94970987	1779990059098301866	1779990059098805882
robot_7	1779990059	133237454	1779990059134553873	1779990059135523802
robot_8	1779990059	194851377	1779990059195736816	1779990059196312115
robot_7	1779990059	233185998	1779990059234383210	1779990059235087716
robot_8	1779990059	294865319	1779990059295746562	1779990059296319124
robot_7	1779990059	333310555	1779990059335062736	1779990059335934381
robot_8	1779990059	394823570	1779990059395903252	1779990059396521031
robot_7	1779990059	433272542	1779990059434587279	1779990059435468538
robot_8	1779990059	494942503	1779990059500213768	1779990059501282725
robot_7	1779990059	533384323	1779990059534998157	1779990059535798843
robot_8	1779990059	594978155	1779990059596275003	1779990059597223310
robot_7	1779990059	633249904	1779990059634766413	1779990059636137146
robot_8	1779990059	694959570	1779990059695928820	1779990059697078729
robot_7	1779990059	733746243	1779990059736316043	1779990059737140018
robot_8	1779990059	795039754	1779990059796082238	1779990059796681057
robot_7	1779990059	833151990	1779990059834305056	1779990059835108801
robot_8	1779990059	895171947	1779990059898322878	1779990059899046388
robot_7	1779990059	933182653	1779990059934332797	1779990059935128402
robot_8	1779990059	994894183	1779990059995831540	1779990059996460500
robot_7	1779990061	33299001	1779990061034547770	1779990061046326331
robot_8	1779990061	94882253	1779990061098222660	1779990061098799563
robot_7	1779990061	133237524	1779990061134657654	1779990061135632757
robot_8	1779990061	194942645	1779990061195991301	1779990061196571468
robot_7	1779990061	233222017	1779990061234311482	1779990061235252754
robot_8	1779990061	294997590	1779990061296064498	1779990061296688041
robot_7	1779990061	333379295	1779990061335250086	1779990061336228542
robot_8	1779990061	395023250	1779990061396059232	1779990061396614563
robot_7	1779990061	433128017	1779990061434433162	1779990061435439224
robot_8	1779990061	495207681	1779990061497640543	1779990061498213165
robot_7	1779990061	533225662	1779990061534414347	1779990061535322666
robot_8	1779990061	594833523	1779990061595850982	1779990061596410198
robot_7	1779990061	633163186	1779990061634417939	1779990061635217282
robot_8	1779990061	694815918	1779990061695728005	1779990061696399475
robot_7	1779990061	733300688	1779990061734978986	1779990061735857613
robot_8	1779990061	794770542	1779990061795763297	1779990061796592982
robot_7	1779990061	833129605	1779990061834365321	1779990061835140321
robot_8	1779990061	895039141	1779990061899775723	1779990061900642794
robot_7	1779990061	933172430	1779990061934404572	1779990061935267405
robot_8	1779990061	994919045	1779990061995881300	1779990061996459590
robot_8	1779990063	95034250	1779990063098000810	1779990063098575115
robot_8	1779990063	194850032	1779990063195855677	1779990063196401995
robot_8	1779990063	294915204	1779990063295900512	1779990063296536468
robot_8	1779990063	394794466	1779990063395954297	1779990063396553734
robot_8	1779990063	495543697	1779990063497911791	1779990063498718952
robot_8	1779990063	595030734	1779990063596036918	1779990063596754786
robot_8	1779990063	694831450	1779990063695741871	1779990063696245986
robot_8	1779990063	794933382	1779990063796038116	1779990063796638156
robot_8	1779990063	895254314	1779990063897946172	1779990063898527067
robot_8	1779990063	994900088	1779990063995830449	1779990063996370539
robot_8	1779990065	94956603	1779990065098360858	1779990065098876231
robot_8	1779990065	194892794	1779990065196014086	1779990065196651474
robot_8	1779990065	294844979	1779990065295769594	1779990065296318786
robot_8	1779990065	394830635	1779990065395835126	1779990065396423333
robot_8	1779990065	495041900	1779990065497516439	1779990065498052444
robot_8	1779990065	594908784	1779990065596050442	1779990065596681445
robot_8	1779990065	694838843	1779990065695758367	1779990065696336084
robot_8	1779990065	794837318	1779990065795792523	1779990065796317768
robot_8	1779990065	895261567	1779990065898237587	1779990065898837931
robot_8	1779990065	994857734	1779990065995886001	1779990065996442850
robot_8	1779990067	95058064	1779990067097785877	1779990067098417912
robot_8	1779990067	194906428	1779990067197235822	1779990067198079925
robot_8	1779990067	294913643	1779990067295841906	1779990067296487071
robot_8	1779990067	394855371	1779990067395843652	1779990067396512843
robot_8	1779990067	495232518	1779990067508064022	1779990067509705601
robot_8	1779990067	594920539	1779990067596077991	1779990067596837823
robot_8	1779990067	694889348	1779990067695878908	1779990067696425587
robot_8	1779990067	795032016	1779990067796167769	1779990067797064083
robot_8	1779990067	895033293	1779990067899362613	1779990067900004375
robot_8	1779990067	994805379	1779990067995716664	1779990067996343861
robot_8	1779990069	95142451	1779990069097942108	1779990069098693361
robot_8	1779990069	194938584	1779990069195956400	1779990069196656363
robot_8	1779990069	295012190	1779990069295992264	1779990069296556009
robot_8	1779990069	395142371	1779990069396445172	1779990069397549033
robot_8	1779990069	495307521	1779990069499365001	1779990069500022530
robot_8	1779990069	594851345	1779990069595771984	1779990069596429194
robot_8	1779990069	694841633	1779990069695945909	1779990069696632874
robot_8	1779990069	794855649	1779990069795889290	1779990069796552100
robot_8	1779990069	894986347	1779990069898660452	1779990069899391837
robot_8	1779990069	994859553	1779990069995780831	1779990069996442421
robot_8	1779990071	95184857	1779990071098484085	1779990071098992306
robot_8	1779990071	195075872	1779990071196087833	1779990071196687482
robot_8	1779990071	294869517	1779990071295957518	1779990071296697169
robot_8	1779990071	394790363	1779990071395612657	1779990071396175563
robot_8	1779990071	495334861	1779990071499990676	1779990071500537609
robot_8	1779990071	594868607	1779990071595831296	1779990071596544683
robot_8	1779990071	694868426	1779990071696017356	1779990071696667909
robot_8	1779990071	794781834	1779990071795837367	1779990071796528901
robot_8	1779990071	895079723	1779990071897463452	1779990071898214779
robot_8	1779990071	994828578	1779990071995728246	1779990071996307488
robot_8	1779990073	95126796	1779990073098656218	1779990073099378758
robot_8	1779990073	194962274	1779990073196065986	1779990073196824940
robot_8	1779990073	294763976	1779990073295598940	1779990073296162756
robot_8	1779990073	394786273	1779990073395700774	1779990073396262905
robot_8	1779990073	495021906	1779990073498332520	1779990073499073405
robot_8	1779990073	594848625	1779990073595711619	1779990073596261707
robot_8	1779990073	694886383	1779990073695933772	1779990073696651967
robot_8	1779990073	794944804	1779990073795883542	1779990073796574521
robot_8	1779990073	895565592	1779990073898480796	1779990073899259812
robot_8	1779990073	994861824	1779990073995865099	1779990073996563580
robot_8	1779990075	94931483	1779990075097380259	1779990075098011072
robot_8	1779990075	194830089	1779990075195740740	1779990075196361536
robot_8	1779990075	294840201	1779990075295916841	1779990075296472215
robot_8	1779990075	394809322	1779990075395801744	1779990075396374440
robot_8	1779990075	495032341	1779990075497508474	1779990075498036638
robot_8	1779990075	594825940	1779990075595700235	1779990075596284405
robot_8	1779990075	694841309	1779990075695810497	1779990075696577013
robot_8	1779990075	794808057	1779990075795820114	1779990075796463677
robot_8	1779990075	895062639	1779990075898779793	1779990075899358620
robot_8	1779990075	994859341	1779990075995767044	1779990075996294143
robot_8	1779990077	94939113	1779990077097889302	1779990077098479981
robot_8	1779990077	194879675	1779990077195752542	1779990077196314922
robot_8	1779990077	294917754	1779990077295772324	1779990077296456146
robot_8	1779990077	394831858	1779990077395735759	1779990077396516821
robot_8	1779990077	494956139	1779990077498044675	1779990077498905093
robot_8	1779990077	594928624	1779990077596033458	1779990077596692269
robot_8	1779990077	694932319	1779990077696247755	1779990077696890201
robot_8	1779990077	794803181	1779990077797030414	1779990077797693074
robot_8	1779990077	894962825	1779990077898501108	1779990077899041903
robot_8	1779990077	994882801	1779990077995729371	1779990077996397082
robot_8	1779990079	95185447	1779990079097853833	1779990079098380362
robot_8	1779990079	194812097	1779990079195853413	1779990079196419140
robot_8	1779990079	294823813	1779990079295859896	1779990079296487850
robot_8	1779990079	394835073	1779990079396437323	1779990079397128484
robot_8	1779990079	495005674	1779990079497708477	1779990079498425425
robot_8	1779990079	594932707	1779990079596151539	1779990079596895816
robot_8	1779990079	694942050	1779990079696228466	1779990079697023031
robot_8	1779990079	794805657	1779990079795994263	1779990079796562715
robot_8	1779990079	895272728	1779990079897985917	1779990079898601681
robot_8	1779990079	994828798	1779990079995882912	1779990079996622889
robot_8	1779990081	95060370	1779990081097872764	1779990081098506410
robot_8	1779990081	194892086	1779990081196022762	1779990081196660510
robot_8	1779990081	294886022	1779990081296143163	1779990081296772524
robot_8	1779990081	394810646	1779990081396016525	1779990081396693344
robot_8	1779990081	495055147	1779990081497714473	1779990081498266145
robot_8	1779990081	594928384	1779990081595939333	1779990081596746975
robot_8	1779990081	694890031	1779990081696009232	1779990081696734888
robot_8	1779990081	794971405	1779990081796292435	1779990081797008060
robot_8	1779990081	895134325	1779990081898123716	1779990081898857055
robot_8	1779990081	994850542	1779990081995925955	1779990081996512057
robot_8	1779990083	95079581	1779990083098912617	1779990083099565260
robot_8	1779990083	194861519	1779990083195793046	1779990083196366094
robot_8	1779990083	294805563	1779990083295882417	1779990083296552738
robot_8	1779990083	394826573	1779990083396436697	1779990083397171151
robot_8	1779990083	495181438	1779990083498448489	1779990083499260870
robot_8	1779990083	594858289	1779990083595903124	1779990083596725200
robot_8	1779990083	694877548	1779990083695784789	1779990083696554711
robot_8	1779990083	794829872	1779990083796031891	1779990083796722584
robot_8	1779990083	895019741	1779990083898286320	1779990083898998812
robot_8	1779990083	994947332	1779990083995930570	1779990083996636576
robot_8	1779990085	95131392	1779990085097561887	1779990085098121341
robot_8	1779990085	194861817	1779990085196131792	1779990085196815961
robot_8	1779990085	294873922	1779990085295963092	1779990085296571102
robot_8	1779990085	394790973	1779990085395980067	1779990085396705869
robot_8	1779990085	495373998	1779990085499149392	1779990085500024081
robot_8	1779990085	594836293	1779990085595688121	1779990085596326544
robot_8	1779990085	694932465	1779990085696177764	1779990085696782350
robot_8	1779990085	794801267	1779990085795720906	1779990085796363069
robot_8	1779990085	895222931	1779990085898219051	1779990085898755489
robot_8	1779990085	994864148	1779990085996149767	1779990085996999709
robot_8	1779990087	97078892	1779990087101273418	1779990087102290188
robot_8	1779990087	194874303	1779990087196182818	1779990087196783824
robot_8	1779990087	294818645	1779990087295825469	1779990087296446860
robot_8	1779990087	394986708	1779990087396043230	1779990087396722960
robot_8	1779990087	495141465	1779990087498242713	1779990087498792768
robot_8	1779990087	595105707	1779990087596084696	1779990087596768701
robot_8	1779990087	694797473	1779990087695660754	1779990087696357297
robot_8	1779990087	794792942	1779990087796135445	1779990087796676690
robot_8	1779990087	894982895	1779990087898967811	1779990087899567358
robot_8	1779990087	994837235	1779990087995638075	1779990087996226343
robot_8	1779990089	94909974	1779990089098371046	1779990089098924997
robot_8	1779990089	194830721	1779990089195818379	1779990089196379417
robot_8	1779990089	294831536	1779990089295966257	1779990089296518543
robot_8	1779990089	394823796	1779990089395716455	1779990089396449624
robot_8	1779990089	495246794	1779990089498182284	1779990089498819309
robot_8	1779990089	594907766	1779990089595939087	1779990089596753125
robot_8	1779990089	694886633	1779990089695889617	1779990089696569955
robot_8	1779990089	795031538	1779990089796490140	1779990089797231929
robot_8	1779990089	895053065	1779990089901169113	1779990089902114390
robot_8	1779990089	995200385	1779990089996285074	1779990089997146491
robot_8	1779990091	94988403	1779990091097766899	1779990091098356032
robot_8	1779990091	194880546	1779990091196077301	1779990091196666883
robot_8	1779990091	294807505	1779990091295954710	1779990091296565486
robot_8	1779990091	394765554	1779990091395700781	1779990091396247767
robot_8	1779990091	495016589	1779990091497544137	1779990091498210257
robot_8	1779990091	595006685	1779990091596033933	1779990091596667979
robot_8	1779990091	694899740	1779990091696002274	1779990091696663432
robot_8	1779990091	794847986	1779990091795846448	1779990091796508697
robot_8	1779990091	895179851	1779990091898078209	1779990091898651404
robot_8	1779990091	994871217	1779990091995933040	1779990091996557976
robot_8	1779990093	95363416	1779990093098238474	1779990093098775245
robot_8	1779990093	197034614	1779990093198086945	1779990093198681768
robot_8	1779990093	294902209	1779990093295940993	1779990093296495522
robot_8	1779990093	394783453	1779990093395907946	1779990093396507828
robot_8	1779990093	495209542	1779990093497563499	1779990093498190335
robot_8	1779990093	594828440	1779990093595775424	1779990093596322949
robot_8	1779990093	695039560	1779990093697627472	1779990093698327712
robot_8	1779990093	794771903	1779990093795809175	1779990093796490013
robot_8	1779990093	895250669	1779990093897554272	1779990093898179175
robot_8	1779990093	994819192	1779990093995850255	1779990093996458380
robot_8	1779990095	95052268	1779990095097917824	1779990095098610744
robot_8	1779990095	194829144	1779990095196025082	1779990095196579691
robot_8	1779990095	295021973	1779990095296805767	1779990095297461179
robot_8	1779990095	394779000	1779990095395749829	1779990095396370367
robot_8	1779990095	494965236	1779990095497418114	1779990095497970292
robot_8	1779990095	594927950	1779990095595953567	1779990095596581930
robot_8	1779990095	694996304	1779990095696163298	1779990095696892181
robot_8	1779990095	794983558	1779990095796230386	1779990095796837524
robot_8	1779990095	895307822	1779990095897653734	1779990095898204624
robot_8	1779990095	994849448	1779990095995909584	1779990095996550472
robot_8	1779990097	94981490	1779990097098664340	1779990097099271210
robot_8	1779990097	194810025	1779990097195997612	1779990097196602968
robot_8	1779990097	294802812	1779990097296147908	1779990097296870096
robot_8	1779990097	395144414	1779990097396422023	1779990097397045327
robot_8	1779990097	494978922	1779990097498758285	1779990097499586685
robot_8	1779990097	594906505	1779990097595946045	1779990097596592793
robot_8	1779990097	694972671	1779990097696189562	1779990097696805415
robot_8	1779990097	794773737	1779990097795932017	1779990097796598589
robot_8	1779990097	895018586	1779990097898232849	1779990097898817385
robot_8	1779990097	994839427	1779990097995946482	1779990097996582409
robot_8	1779990099	95152778	1779990099097830401	1779990099098425313
robot_8	1779990099	194856973	1779990099195792008	1779990099196489693
robot_8	1779990099	295118349	1779990099296361850	1779990099296919149
robot_8	1779990099	394788879	1779990099395796067	1779990099396491882
robot_8	1779990099	495024938	1779990099497669435	1779990099498340761
robot_8	1779990099	594838937	1779990099595898528	1779990099596453339
robot_8	1779990099	694825327	1779990099695829497	1779990099696365039
robot_8	1779990099	794818660	1779990099795777797	1779990099796385069
robot_8	1779990099	895342934	1779990099898280325	1779990099898951771
robot_8	1779990099	994914808	1779990099996054862	1779990099996685256
robot_8	1779990101	94996772	1779990101098512117	1779990101099109971
robot_8	1779990101	194859659	1779990101195936595	1779990101196526890
robot_8	1779990101	294851919	1779990101295812087	1779990101296395820
robot_8	1779990101	394848595	1779990101395876102	1779990101396398498
robot_8	1779990101	494938834	1779990101499251829	1779990101499965899
robot_8	1779990101	594894357	1779990101596128604	1779990101596692400
robot_8	1779990101	694915401	1779990101695965140	1779990101696666189
robot_8	1779990101	794890505	1779990101795880768	1779990101796540712
robot_8	1779990101	895021238	1779990101897857276	1779990101898501865
robot_8	1779990101	994861913	1779990101995876023	1779990101996743854
robot_8	1779990103	95141594	1779990103100543344	1779990103101679642
robot_8	1779990103	194841314	1779990103195824612	1779990103196464885
robot_8	1779990103	294835059	1779990103295963646	1779990103296596271
robot_8	1779990103	394832758	1779990103395873382	1779990103396411711
robot_8	1779990103	495040108	1779990103498794665	1779990103499614219
robot_8	1779990103	594945755	1779990103596287457	1779990103596938572
robot_8	1779990103	694936399	1779990103696259021	1779990103696852239
robot_8	1779990103	794964232	1779990103796255989	1779990103796912170
robot_8	1779990103	895198152	1779990103899018794	1779990103899576552
robot_8	1779990103	995060784	1779990103996351603	1779990103997164512
robot_8	1779990105	95139408	1779990105098024694	1779990105100251488
robot_8	1779990105	194828100	1779990105195931504	1779990105196498433
robot_8	1779990105	294859900	1779990105295787486	1779990105296311162
robot_8	1779990105	394828563	1779990105395863096	1779990105396426924
robot_8	1779990105	495340125	1779990105498203982	1779990105498862001
robot_8	1779990105	594850434	1779990105595994869	1779990105596697719
robot_8	1779990105	694880389	1779990105695974384	1779990105696611114
robot_8	1779990105	795034321	1779990105796301603	1779990105796990437
robot_8	1779990105	895022340	1779990105899602652	1779990105900335536
robot_8	1779990105	994880221	1779990105996087131	1779990105996639306
robot_8	1779990107	95132981	1779990107097922543	1779990107102293292
robot_8	1779990107	194821913	1779990107195848497	1779990107196409461
robot_8	1779990107	294991747	1779990107296233884	1779990107296984958
robot_8	1779990107	394799272	1779990107395880238	1779990107396442913
robot_8	1779990107	495020719	1779990107499247175	1779990107499870058
robot_8	1779990107	594859726	1779990107595953880	1779990107596547589
robot_8	1779990107	694832079	1779990107695917149	1779990107696544386
robot_8	1779990107	794855924	1779990107795810791	1779990107796573266
robot_8	1779990107	895427722	1779990107902543034	1779990107903891573
robot_8	1779990107	994824820	1779990107995797684	1779990107996326784
robot_8	1779990109	94995764	1779990109098883667	1779990109104359904
robot_8	1779990109	194860436	1779990109196164229	1779990109196921797
robot_8	1779990109	294856667	1779990109295877104	1779990109296591744
robot_8	1779990109	395265798	1779990109396794396	1779990109397582570
robot_8	1779990109	502084312	1779990109513564161	1779990109514685747
robot_8	1779990109	594900816	1779990109597215678	1779990109598016077
robot_8	1779990109	694880731	1779990109695926613	1779990109696538130
robot_8	1779990109	794852180	1779990109795900523	1779990109796466373
robot_8	1779990109	894951355	1779990109898663091	1779990109899374624
robot_8	1779990109	994902548	1779990109995935027	1779990109996532558
robot_8	1779990111	95867360	1779990111098480002	1779990111106537569
robot_8	1779990111	194869697	1779990111195833320	1779990111196394097
robot_8	1779990111	294878258	1779990111295968566	1779990111296770849
robot_8	1779990111	394864674	1779990111395931009	1779990111396497066
robot_8	1779990111	495152877	1779990111498809830	1779990111499462882
robot_8	1779990111	594955136	1779990111595951384	1779990111596564121
robot_8	1779990111	694932673	1779990111696167102	1779990111696882353
robot_8	1779990111	794894953	1779990111795896366	1779990111796542890
robot_8	1779990111	894983757	1779990111898792078	1779990111899703535
robot_8	1779990111	994907409	1779990111995954577	1779990111996591190
robot_8	1779990113	94994215	1779990113097528100	1779990113110329186
robot_8	1779990113	194855635	1779990113195993729	1779990113196615420
robot_8	1779990113	294905414	1779990113295995067	1779990113296600842
robot_8	1779990113	394750106	1779990113395694528	1779990113396339625
robot_8	1779990113	495122265	1779990113497668419	1779990113498245364
robot_8	1779990113	595213818	1779990113596653788	1779990113597773536
robot_8	1779990113	694907600	1779990113696052318	1779990113696744162
robot_8	1779990113	794846954	1779990113796083109	1779990113796809402
robot_8	1779990113	895423744	1779990113900768005	1779990113901814890
robot_8	1779990113	995146600	1779990113996461326	1779990113997806777
robot_8	1779990115	95017177	1779990115098515652	1779990115111304804
robot_8	1779990115	194925780	1779990115196225939	1779990115197153538
robot_8	1779990115	294862307	1779990115295832162	1779990115296363566
robot_8	1779990115	395239075	1779990115396472357	1779990115397050514
robot_8	1779990115	495157039	1779990115498364255	1779990115498930278
robot_8	1779990115	595077518	1779990115596249713	1779990115596818097
robot_8	1779990115	694906699	1779990115695876694	1779990115696464582
robot_8	1779990115	794864924	1779990115795871877	1779990115796496505
robot_8	1779990115	895096925	1779990115898346705	1779990115899082764
robot_8	1779990115	994874390	1779990115995915635	1779990115996470988
robot_8	1779990117	94940552	1779990117098740783	1779990117113283890
robot_8	1779990117	194865141	1779990117195970695	1779990117196858703
robot_8	1779990117	295432192	1779990117298245574	1779990117298857625
robot_8	1779990117	395432714	1779990117396928465	1779990117397624408
robot_8	1779990117	494987745	1779990117499879099	1779990117500911398
robot_8	1779990117	594909017	1779990117596047394	1779990117596621912
robot_8	1779990117	695032352	1779990117696354524	1779990117696999714
robot_8	1779990117	794826745	1779990117796016058	1779990117796578032
robot_8	1779990117	895253421	1779990117898378499	1779990117899007621
robot_8	1779990117	995058500	1779990117996520945	1779990117997454454
robot_8	1779990119	95221503	1779990119098243926	1779990119114359708
robot_8	1779990119	194842984	1779990119196009278	1779990119196609897
robot_8	1779990119	295029469	1779990119296301096	1779990119297008995
robot_8	1779990119	394843642	1779990119396070273	1779990119396722654
robot_8	1779990119	495341433	1779990119499359124	1779990119500056202
robot_8	1779990119	594921988	1779990119595986801	1779990119596555162
robot_8	1779990119	694879602	1779990119695922565	1779990119696563534
robot_8	1779990119	794763949	1779990119795667448	1779990119796277879
robot_8	1779990119	895071803	1779990119897614843	1779990119898189543
robot_8	1779990119	995075508	1779990119996127351	1779990119996693700
robot_8	1779990121	95122692	1779990121098749474	1779990121116313989
robot_8	1779990121	195309631	1779990121196537346	1779990121197812725
robot_8	1779990121	294794112	1779990121295929014	1779990121296519167
robot_8	1779990121	394784206	1779990121395926079	1779990121396506711
robot_8	1779990121	495156290	1779990121498084834	1779990121498720326
robot_8	1779990121	594885843	1779990121595916566	1779990121596510604
robot_8	1779990121	694822446	1779990121695876123	1779990121696537094
robot_8	1779990121	794735189	1779990121795616233	1779990121796263298
robot_8	1779990121	894993779	1779990121898197621	1779990121898792606
robot_8	1779990121	994896223	1779990121996028482	1779990121996728129
robot_8	1779990123	95066200	1779990123098333275	1779990123120346554
robot_8	1779990123	195084540	1779990123196366546	1779990123197125204
robot_8	1779990123	294973331	1779990123296079549	1779990123296749510
robot_8	1779990123	394769774	1779990123395792752	1779990123396402582
robot_8	1779990123	494963938	1779990123499235442	1779990123499842994
robot_8	1779990123	594825628	1779990123595861282	1779990123596469405
robot_8	1779990123	694829764	1779990123695964403	1779990123696560740
robot_8	1779990123	794892798	1779990123796050077	1779990123796770487
robot_8	1779990123	895082915	1779990123897788160	1779990123898436208
robot_8	1779990123	995053775	1779990123996105835	1779990123996897648
robot_8	1779990125	95137775	1779990125097582134	1779990125121351637
robot_8	1779990125	194953475	1779990125196124111	1779990125196879490
robot_8	1779990125	294818963	1779990125295759307	1779990125296348912
robot_8	1779990125	394782562	1779990125395856176	1779990125396511677
robot_8	1779990125	494944811	1779990125499231509	1779990125499906181
robot_8	1779990125	594861123	1779990125595903790	1779990125596408610
robot_8	1779990125	694863486	1779990125695903302	1779990125696625142
robot_8	1779990125	794858730	1779990125795998831	1779990125796603896
robot_8	1779990125	895144785	1779990125897779781	1779990125898361238
robot_8	1779990125	994833051	1779990125995815172	1779990125996430870
robot_8	1779990127	94928165	1779990127097588109	1779990127123345411
robot_8	1779990127	194857719	1779990127195783860	1779990127196480396
robot_8	1779990127	294872507	1779990127295853424	1779990127296418442
robot_8	1779990127	394868062	1779990127395875742	1779990127396491629
robot_8	1779990127	495462432	1779990127498494786	1779990127499172448
robot_8	1779990127	595265444	1779990127596510865	1779990127597366046
robot_8	1779990127	694869749	1779990127695830474	1779990127696422167
robot_8	1779990127	794906188	1779990127796160464	1779990127796978108
robot_8	1779990127	895237741	1779990127898010362	1779990127898588590
robot_8	1779990127	994932481	1779990127995936194	1779990127996482180
robot_8	1779990129	95205145	1779990129098273126	1779990129126333334
robot_8	1779990129	194924535	1779990129196182786	1779990129197244832
robot_8	1779990129	294890994	1779990129296059956	1779990129296659274
robot_8	1779990129	394806083	1779990129395919080	1779990129396436154
robot_8	1779990129	494912850	1779990129498141410	1779990129498761648
robot_8	1779990129	594944329	1779990129595982715	1779990129596596882
robot_8	1779990129	694877714	1779990129696011760	1779990129696662834
robot_8	1779990129	794972915	1779990129795858871	1779990129796568388
robot_8	1779990129	895116505	1779990129897610520	1779990129898325822
robot_8	1779990129	994835223	1779990129995827654	1779990129996430764
robot_8	1779990131	94920583	1779990131097808332	1779990131127257843
robot_8	1779990131	194813393	1779990131195681792	1779990131196255758
robot_8	1779990131	294854648	1779990131295888216	1779990131296536548
robot_8	1779990131	394782680	1779990131395854557	1779990131396500773
robot_8	1779990131	495155362	1779990131497757123	1779990131498397955
robot_8	1779990131	594832600	1779990131595903537	1779990131596477600
robot_8	1779990131	694841372	1779990131695881174	1779990131696475320
robot_8	1779990131	794813385	1779990131795920708	1779990131796508347
robot_8	1779990131	895145821	1779990131897580622	1779990131898273930
robot_8	1779990131	994874329	1779990131995830034	1779990131996470005
robot_8	1779990133	95188241	1779990133098235522	1779990133130349991
robot_8	1779990133	194916124	1779990133195847385	1779990133196407596
robot_8	1779990133	294894050	1779990133295913503	1779990133296636348
robot_8	1779990133	394840495	1779990133395845044	1779990133396613588
robot_8	1779990133	495201511	1779990133497639678	1779990133498232930
robot_8	1779990133	594909599	1779990133595895218	1779990133596459620
robot_8	1779990133	694823422	1779990133696043727	1779990133696631069
robot_8	1779990133	794826299	1779990133795810324	1779990133796479911
robot_8	1779990133	895157438	1779990133897755051	1779990133898325345
robot_8	1779990133	994800777	1779990133995921553	1779990133996722698
robot_8	1779990135	94949782	1779990135098270709	1779990135131321778
robot_8	1779990135	195042290	1779990135196167562	1779990135196688861
robot_8	1779990135	295022449	1779990135296068271	1779990135296712016
robot_8	1779990135	394815087	1779990135395883259	1779990135396611998
robot_8	1779990135	495809061	1779990135497671581	1779990135498260353
robot_8	1779990135	594859583	1779990135595838661	1779990135596365967
robot_8	1779990135	694887034	1779990135696188734	1779990135697028772
robot_8	1779990135	794755128	1779990135795699223	1779990135796286538
robot_8	1779990135	895057456	1779990135897738624	1779990135898363844
robot_8	1779990135	994847977	1779990135995790164	1779990135996380575
robot_8	1779990137	94944498	1779990137098478827	1779990137133327328
robot_8	1779990137	194840579	1779990137195800033	1779990137196334208
robot_8	1779990137	295000687	1779990137296110990	1779990137296675597
robot_8	1779990137	394885046	1779990137395905029	1779990137396623760
robot_8	1779990137	495074137	1779990137497645058	1779990137498521081
robot_8	1779990137	594950270	1779990137596078624	1779990137596776235
robot_8	1779990137	694912028	1779990137695931867	1779990137696630817
robot_8	1779990137	794812371	1779990137795914146	1779990137796467905
robot_8	1779990137	895112815	1779990137898298354	1779990137898832666
robot_8	1779990137	994936877	1779990137996020603	1779990137996663148
robot_8	1779990139	95300726	1779990139097965613	1779990139135310168
robot_8	1779990139	194806595	1779990139195814631	1779990139196428651
robot_8	1779990139	294807340	1779990139295727840	1779990139296322607
robot_8	1779990139	394823965	1779990139395709073	1779990139396246288
robot_8	1779990139	495034327	1779990139497856485	1779990139498449978
robot_8	1779990139	594871890	1779990139595911215	1779990139596551157
robot_8	1779990139	694983856	1779990139695938805	1779990139696646901
robot_8	1779990139	794756552	1779990139795652308	1779990139796347970
robot_8	1779990139	895309997	1779990139898017550	1779990139898606972
robot_8	1779990139	994983071	1779990139996062499	1779990139996705932
robot_8	1779990141	95276552	1779990141098971212	1779990141137269927
robot_8	1779990141	194865044	1779990141195918066	1779990141196503594
robot_8	1779990141	294841155	1779990141295892935	1779990141296462513
robot_8	1779990141	394871312	1779990141396506130	1779990141397148409
robot_8	1779990141	495323167	1779990141503700069	1779990141504593032
robot_8	1779990141	594808711	1779990141595879576	1779990141596441468
robot_8	1779990141	694840920	1779990141695999401	1779990141696549776
robot_8	1779990141	794735289	1779990141795632549	1779990141796216156
robot_8	1779990141	895552774	1779990141897676640	1779990141898334410
robot_8	1779990141	994907245	1779990141995879088	1779990141996465251
robot_8	1779990142	94913766	1779990142096112328	1779990142096815998
robot_8	1779990143	95155498	1779990143098155804	1779990143139367508
robot_8	1779990143	194949601	1779990143195933886	1779990143196526601
robot_8	1779990143	295187683	1779990143296448618	1779990143297409588
robot_8	1779990143	394943780	1779990143395928479	1779990143396596985
robot_8	1779990143	495326955	1779990143498899485	1779990143499594660
robot_8	1779990143	595384071	1779990143596717281	1779990143597897494
robot_8	1779990143	694823939	1779990143695804957	1779990143696390109
robot_8	1779990143	794843990	1779990143795817430	1779990143796443477
robot_8	1779990143	895050286	1779990143897863915	1779990143898418252
robot_8	1779990143	995178712	1779990143996357543	1779990143996959564
robot_8	1779990144	94860204	1779990144095926671	1779990144096496004
robot_8	1779990145	194918061	1779990145195952372	1779990145196534176
robot_8	1779990145	294854511	1779990145295982320	1779990145296564287
robot_8	1779990145	395736059	1779990145397375663	1779990145397978786
robot_8	1779990145	495008780	1779990145498803308	1779990145499409668
robot_8	1779990145	595156881	1779990145596307921	1779990145597296308
robot_8	1779990145	695163159	1779990145696341258	1779990145696979860
robot_8	1779990145	795385399	1779990145796820503	1779990145797492981
robot_8	1779990145	895001024	1779990145898308505	1779990145898847075
robot_8	1779990145	995044070	1779990145996081483	1779990145996697343
robot_8	1779990146	94923953	1779990146095949241	1779990146096527973
robot_8	1779990147	194871836	1779990147195831237	1779990147196470274
robot_8	1779990147	294871826	1779990147295850092	1779990147296411598
robot_8	1779990147	394917428	1779990147395997064	1779990147396570408
robot_8	1779990147	496370434	1779990147499507787	1779990147500658154
robot_8	1779990147	594906627	1779990147595908117	1779990147600248264
robot_8	1779990147	695203267	1779990147696057508	1779990147696672617
robot_8	1779990147	795036094	1779990147795941963	1779990147796811829
robot_8	1779990147	895029575	1779990147900306052	1779990147900944119
robot_8	1779990147	995076445	1779990147996023839	1779990147996565244
robot_8	1779990148	94846193	1779990148095885744	1779990148096573407
robot_8	1779990149	194938768	1779990149195941191	1779990149196493086
robot_8	1779990149	295309031	1779990149296608246	1779990149297390885
robot_8	1779990149	395187379	1779990149396665090	1779990149397693646
robot_8	1779990149	495195030	1779990149501208532	1779990149502160761
robot_8	1779990149	594937096	1779990149596139926	1779990149597002567
robot_8	1779990149	695107486	1779990149696159610	1779990149696984641
robot_8	1779990149	794793697	1779990149795637790	1779990149796225177
robot_8	1779990149	894952919	1779990149897276364	1779990149897801593
robot_8	1779990149	994841479	1779990149995732364	1779990149996278993
robot_8	1779990150	94887476	1779990150095862884	1779990150096391295
robot_8	1779990151	194929170	1779990151195829096	1779990151196433633
robot_8	1779990151	295289584	1779990151296762457	1779990151297900813
robot_8	1779990151	394814555	1779990151395806835	1779990151396510053
robot_8	1779990151	495138754	1779990151500579426	1779990151501554057
robot_8	1779990151	594971418	1779990151596049540	1779990151596640561
robot_8	1779990151	697400897	1779990151700813177	1779990151701430300
robot_8	1779990151	794889536	1779990151795965651	1779990151796723986
robot_8	1779990151	895867045	1779990151899259146	1779990151900212010
robot_8	1779990151	994983163	1779990151996714548	1779990151997644577
robot_8	1779990152	95131576	1779990152096292775	1779990152096851624
robot_8	1779990153	194899401	1779990153195907219	1779990153196456199
robot_8	1779990153	294897698	1779990153295976137	1779990153296661458
robot_8	1779990153	394924432	1779990153395986117	1779990153396595158
robot_8	1779990153	495435686	1779990153498436617	1779990153499180508
robot_8	1779990153	594924851	1779990153596368761	1779990153597182753
robot_8	1779990153	694914039	1779990153695845268	1779990153696394445
robot_8	1779990153	794805425	1779990153795677292	1779990153796260053
robot_8	1779990153	895082797	1779990153898185624	1779990153898829614
robot_8	1779990153	994893784	1779990153995834822	1779990153996453081
robot_8	1779990154	94889603	1779990154095871634	1779990154096490224
robot_8	1779990155	194988735	1779990155196163675	1779990155196926224
robot_8	1779990155	295137686	1779990155296600600	1779990155297777396
robot_8	1779990155	395208094	1779990155397270616	1779990155398082172
robot_8	1779990155	495022452	1779990155501647178	1779990155502507090
robot_8	1779990155	594924686	1779990155595970422	1779990155596658670
robot_8	1779990155	694851330	1779990155695782357	1779990155696376337
robot_8	1779990155	794736945	1779990155795600012	1779990155796166398
robot_8	1779990155	895295945	1779990155897900690	1779990155898693806
robot_8	1779990155	995115351	1779990155996068489	1779990155996653249
robot_8	1779990156	94908157	1779990156096045746	1779990156096597242
robot_8	1779990157	194895210	1779990157195845639	1779990157196397402
robot_8	1779990157	294852331	1779990157296544766	1779990157297157040
robot_8	1779990157	394894415	1779990157396059861	1779990157396731421
robot_8	1779990157	495044992	1779990157497920206	1779990157498527998
robot_8	1779990157	594816015	1779990157595740077	1779990157596295830
robot_8	1779990157	694828344	1779990157695865538	1779990157696427170
robot_8	1779990157	794793770	1779990157795811078	1779990157796350491
robot_8	1779990157	895327583	1779990157897748520	1779990157898355826
robot_8	1779990157	994824733	1779990157995896485	1779990157996435001
robot_8	1779990158	94843145	1779990158095834760	1779990158096386023
robot_8	1779990159	195171883	1779990159198230086	1779990159199292099
robot_8	1779990159	294906401	1779990159295908778	1779990159296507017
robot_8	1779990159	394789607	1779990159395676524	1779990159396277796
robot_8	1779990159	495024594	1779990159498057337	1779990159498740622
robot_8	1779990159	594929208	1779990159595953579	1779990159596483001
robot_8	1779990159	694864349	1779990159695830457	1779990159696423838
robot_8	1779990159	794735608	1779990159795666972	1779990159796257613
robot_8	1779990159	895002044	1779990159897739582	1779990159898358190
robot_8	1779990159	994856302	1779990159995810875	1779990159996359287
robot_8	1779990160	94820200	1779990160095865268	1779990160096428104
robot_8	1779990161	195076369	1779990161196369716	1779990161198441141
robot_8	1779990161	294866108	1779990161295778214	1779990161296330458
robot_8	1779990161	394957361	1779990161396051504	1779990161396638104
robot_8	1779990161	495452917	1779990161498363389	1779990161499193753
robot_8	1779990161	594904989	1779990161596206130	1779990161596935378
robot_8	1779990161	695075735	1779990161696157542	1779990161696761657
robot_8	1779990161	794810566	1779990161795816718	1779990161796345529
robot_8	1779990161	895018075	1779990161897635082	1779990161898331614
robot_8	1779990161	994856373	1779990161995817799	1779990161996374095
robot_8	1779990162	94839669	1779990162095750714	1779990162096315626
robot_8	1779990163	195311248	1779990163196352933	1779990163197127851
robot_8	1779990163	294794166	1779990163295722118	1779990163296312662
robot_8	1779990163	394777988	1779990163395722188	1779990163396271534
robot_8	1779990163	494974332	1779990163498054041	1779990163498686990
robot_8	1779990163	594979630	1779990163596128596	1779990163596862994
robot_8	1779990163	694822451	1779990163695729806	1779990163696268639
robot_8	1779990163	794788447	1779990163795914068	1779990163796484654
robot_8	1779990163	895259565	1779990163898269435	1779990163898905013
robot_8	1779990163	994891399	1779990163995929466	1779990163996564078
robot_8	1779990164	94899890	1779990164095875917	1779990164096539271
robot_8	1779990165	194995914	1779990165198329698	1779990165199166711
robot_8	1779990165	294962911	1779990165296044191	1779990165296591650
robot_8	1779990165	394751107	1779990165395653721	1779990165396241778
robot_8	1779990165	495270916	1779990165498314354	1779990165498908621
robot_8	1779990165	594841410	1779990165595751631	1779990165596274948
robot_8	1779990165	694965476	1779990165696046798	1779990165696718408
robot_8	1779990165	794855367	1779990165795679579	1779990165796244033
robot_8	1779990165	895150905	1779990165897796130	1779990165898432247
robot_8	1779990165	994918472	1779990165995885941	1779990165996472922
robot_8	1779990166	94994665	1779990166096020312	1779990166096611855
robot_8	1779990167	195156063	1779990167198589962	1779990167199374759
robot_8	1779990167	294918659	1779990167295950259	1779990167296661004
robot_8	1779990167	394822859	1779990167395716420	1779990167396293719
robot_8	1779990167	495084995	1779990167497233713	1779990167497826535
robot_8	1779990167	594868249	1779990167595788239	1779990167596384318
robot_8	1779990167	694858203	1779990167695856266	1779990167696497296
robot_8	1779990167	794896463	1779990167795805051	1779990167796386991
robot_8	1779990167	894957374	1779990167899196721	1779990167899810167
robot_8	1779990167	994971840	1779990167996018308	1779990167996669066
robot_8	1779990168	95005181	1779990168096154802	1779990168096860199
robot_8	1779990169	195047570	1779990169196218655	1779990169196932851
robot_8	1779990169	294892509	1779990169296225304	1779990169297084603
robot_8	1779990169	394775620	1779990169395566115	1779990169396138864
robot_8	1779990169	495054587	1779990169499983385	1779990169500726690
robot_8	1779990169	594956392	1779990169595964319	1779990169596570189
robot_8	1779990169	694848620	1779990169695881050	1779990169696456859
robot_8	1779990169	895064760	1779990169897952725	1779990169898578441
robot_8	1779990169	994867338	1779990169995891886	1779990169996475637
robot_8	1779990193	195013871	1779990193197168209	1779990193198253822
robot_8	1779990193	294871587	1779990193295828442	1779990193296416579
robot_8	1779990193	394812026	1779990193395741500	1779990193396290054
robot_8	1779990193	495065463	1779990193498444221	1779990193499055407
robot_8	1779990193	594993407	1779990193595948440	1779990193596515322
robot_8	1779990193	694878996	1779990193695838195	1779990193696397057
robot_8	1779990193	794895894	1779990193795856342	1779990193796383560
robot_8	1779990193	895035334	1779990193898004842	1779990193898588034
robot_8	1779990193	994865215	1779990193995896910	1779990193996457489
robot_8	1779990194	94935303	1779990194095906654	1779990194096433572
robot_8	1779990195	194985115	1779990195197708613	1779990195198524587
robot_8	1779990195	294814045	1779990195295771180	1779990195296316198
robot_8	1779990195	394977784	1779990195396194886	1779990195396851529
robot_8	1779990195	495014644	1779990195498051765	1779990195498683801
robot_8	1779990195	594972358	1779990195596015924	1779990195596665518
robot_8	1779990195	694840677	1779990195695675563	1779990195696205370
robot_8	1779990195	794718572	1779990195795693491	1779990195796307599
robot_7	1779990195	833199220	1779990195834278675	1779990195835021014
robot_8	1779990195	895011031	1779990195898430266	1779990195898970099
robot_7	1779990195	933203900	1779990195934225719	1779990195935015811
robot_8	1779990195	994871437	1779990195995760135	1779990195996351951
robot_7	1779990196	33052883	1779990196034085381	1779990196034839273
robot_8	1779990196	94810573	1779990196095652441	1779990196096285431
robot_7	1779990196	133441487	1779990196134773018	1779990196135836801
robot_6	1779990197	192173698	1779990197193709599	1779990197198384040
robot_8	1779990197	195045290	1779990197197988297	1779990197199179267
robot_7	1779990197	233250448	1779990197234258389	1779990197235166320
robot_6	1779990197	292107400	1779990197293144720	1779990197293816962
robot_8	1779990197	294866521	1779990197295725440	1779990197296241202
robot_7	1779990197	333199457	1779990197334527274	1779990197335760460
robot_6	1779990197	392133533	1779990197393179688	1779990197394013089
robot_8	1779990197	394843831	1779990197395921290	1779990197396473286
robot_7	1779990197	433238746	1779990197434217613	1779990197435023324
robot_6	1779990197	492200192	1779990197494705854	1779990197495463985
robot_8	1779990197	494999194	1779990197497854777	1779990197498428453
robot_7	1779990197	533131751	1779990197534192888	1779990197534925850
robot_6	1779990197	592082404	1779990197593073122	1779990197593794821
robot_8	1779990197	594941552	1779990197595889572	1779990197596350400
robot_7	1779990197	633252894	1779990197634307538	1779990197635146146
robot_6	1779990197	692136427	1779990197693191825	1779990197694014917
robot_8	1779990197	695001014	1779990197696007328	1779990197696574230
robot_7	1779990197	733318827	1779990197734596923	1779990197735634337
robot_6	1779990197	792040853	1779990197793110431	1779990197793777729
robot_8	1779990197	794804354	1779990197795738351	1779990197796303775
robot_7	1779990197	833166761	1779990197834125500	1779990197834819924
robot_6	1779990197	892210570	1779990197895423820	1779990197896288154
robot_8	1779990197	894953946	1779990197897880170	1779990197898414052
robot_7	1779990197	933254718	1779990197934387525	1779990197935570254
robot_6	1779990197	992082012	1779990197993104406	1779990197993782875
robot_8	1779990197	994930442	1779990197995910682	1779990197996424972
robot_7	1779990198	33166415	1779990198034133117	1779990198034918078
robot_6	1779990198	92049390	1779990198093129527	1779990198093801425
robot_8	1779990198	94833711	1779990198095725437	1779990198096241241
robot_7	1779990198	133377731	1779990198134732078	1779990198135853610
robot_6	1779990199	192046688	1779990199193199877	1779990199200642668
robot_8	1779990199	194982062	1779990199196509999	1779990199200858706
robot_7	1779990199	233313922	1779990199234417245	1779990199235422296
robot_6	1779990199	292129931	1779990199293429057	1779990199294207175
robot_8	1779990199	294984634	1779990199296068978	1779990199296705632
robot_7	1779990199	333437922	1779990199335227282	1779990199336320248
robot_6	1779990199	392117437	1779990199393169633	1779990199393908716
robot_8	1779990199	394846181	1779990199395741281	1779990199396242690
robot_7	1779990199	433212060	1779990199434296212	1779990199435016456
robot_6	1779990199	492201197	1779990199495781338	1779990199496500577
robot_8	1779990199	494932467	1779990199498637578	1779990199499245592
robot_7	1779990199	533292552	1779990199534353982	1779990199535168265
robot_6	1779990199	592049818	1779990199592988690	1779990199593732516
robot_8	1779990199	594852038	1779990199595849583	1779990199596346506
robot_7	1779990199	633166422	1779990199634244526	1779990199635007406
robot_6	1779990199	692175383	1779990199693313724	1779990199694004425
robot_8	1779990199	694829809	1779990199695742614	1779990199696288871
robot_7	1779990199	733417132	1779990199734568817	1779990199735547479
robot_6	1779990199	792148719	1779990199793312992	1779990199793992318
robot_8	1779990199	794935291	1779990199795910539	1779990199796399995
robot_7	1779990199	833151234	1779990199834064935	1779990199834792026
robot_6	1779990199	892263126	1779990199895940275	1779990199896736653
robot_8	1779990199	894899922	1779990199898528066	1779990199899385877
robot_7	1779990199	933215229	1779990199934243655	1779990199935131497
robot_6	1779990199	992113914	1779990199993050228	1779990199993796029
robot_8	1779990199	994892791	1779990199996765232	1779990199997676123
robot_7	1779990200	33134117	1779990200034215592	1779990200035039009
robot_6	1779990200	92186405	1779990200093178604	1779990200093885909
robot_8	1779990200	94856878	1779990200095809578	1779990200096306916
robot_7	1779990200	133375860	1779990200134572366	1779990200135707260
robot_6	1779990201	192156444	1779990201193525697	1779990201205245321
robot_8	1779990201	195042727	1779990201196271542	1779990201205429406
robot_7	1779990201	233295505	1779990201234310777	1779990201235158624
robot_6	1779990201	292117336	1779990201293173575	1779990201293922696
robot_8	1779990201	294939846	1779990201295913991	1779990201296462404
robot_7	1779990201	333300124	1779990201334560984	1779990201335718024
robot_6	1779990201	392196838	1779990201393211197	1779990201393905153
robot_8	1779990201	394809010	1779990201395786509	1779990201396269186
robot_7	1779990201	433240143	1779990201434230999	1779990201435052023
robot_6	1779990201	492184129	1779990201495999196	1779990201496684579
robot_8	1779990201	495399643	1779990201497975044	1779990201498605078
robot_7	1779990201	533166196	1779990201534251686	1779990201535045927
robot_6	1779990201	592067710	1779990201592972725	1779990201593666460
robot_8	1779990201	594925945	1779990201596062261	1779990201596693764
robot_7	1779990201	633188686	1779990201634165163	1779990201634880425
robot_6	1779990201	692162139	1779990201693239906	1779990201693984536
robot_8	1779990201	694910042	1779990201695942195	1779990201696513203
robot_7	1779990201	733342366	1779990201734548954	1779990201735493133
robot_6	1779990201	792148732	1779990201793196808	1779990201793832329
robot_8	1779990201	794851396	1779990201795833417	1779990201796328741
robot_7	1779990201	833161375	1779990201834238527	1779990201835086074
robot_6	1779990201	892239161	1779990201895209162	1779990201895974189
robot_8	1779990201	895284127	1779990201898301400	1779990201899009187
robot_7	1779990201	933225677	1779990201935204177	1779990201936197300
robot_6	1779990201	992182228	1779990201993238398	1779990201993913454
robot_8	1779990201	994892480	1779990201995901471	1779990201996478682
robot_7	1779990202	33302592	1779990202034409338	1779990202035317740
robot_6	1779990202	92175563	1779990202093255852	1779990202093962039
robot_8	1779990202	94841719	1779990202095794586	1779990202096312845
robot_7	1779990202	133460574	1779990202134800590	1779990202135863501
robot_6	1779990203	192205512	1779990203193230099	1779990203207361899
robot_8	1779990203	194925836	1779990203196145957	1779990203207586522
robot_7	1779990203	233203215	1779990203234226993	1779990203234971221
robot_6	1779990203	292182763	1779990203293230194	1779990203293890491
robot_8	1779990203	294957587	1779990203296020702	1779990203296507367
robot_7	1779990203	333382161	1779990203334883464	1779990203336161826
robot_6	1779990203	392071697	1779990203393146107	1779990203393808088
robot_8	1779990203	394811154	1779990203395682417	1779990203396167749
robot_7	1779990203	433205254	1779990203434225927	1779990203434881860
robot_6	1779990203	492326493	1779990203497173201	1779990203498167069
robot_8	1779990203	495677973	1779990203499250905	1779990203500012648
robot_7	1779990203	533288685	1779990203534247294	1779990203535143871
robot_6	1779990203	592186171	1779990203593345259	1779990203594133688
robot_8	1779990203	594969127	1779990203595881243	1779990203596475390
robot_7	1779990203	633152142	1779990203634158790	1779990203635118309
robot_6	1779990203	692166239	1779990203693227201	1779990203693951451
robot_8	1779990203	694874003	1779990203695845733	1779990203696379757
robot_7	1779990203	733238083	1779990203734534140	1779990203735431299
robot_6	1779990203	792199996	1779990203793366689	1779990203794027010
robot_8	1779990203	794829535	1779990203795596124	1779990203796170856
robot_7	1779990203	833159023	1779990203834060228	1779990203834930490
robot_6	1779990203	892307129	1779990203896384260	1779990203896956023
robot_8	1779990203	895000177	1779990203897956221	1779990203898547439
robot_7	1779990203	933136570	1779990203934214942	1779990203934919660
robot_6	1779990203	992120577	1779990203993188206	1779990203993902572
robot_8	1779990203	995160093	1779990203996467126	1779990203997357754
robot_7	1779990204	33239995	1779990204034406355	1779990204035567795
robot_6	1779990204	92346799	1779990204093647226	1779990204094392300
robot_8	1779990204	95060306	1779990204096054417	1779990204096901706
robot_7	1779990204	133590482	1779990204134905434	1779990204135633738
robot_6	1779990205	192232341	1779990205193399910	1779990205208270386
robot_8	1779990205	194957127	1779990205195962454	1779990205208448101
robot_7	1779990205	233273861	1779990205234370226	1779990205235180015
robot_6	1779990205	292163834	1779990205293186229	1779990205293844090
robot_8	1779990205	294855185	1779990205296874616	1779990205297759218
robot_7	1779990205	333265336	1779990205334381100	1779990205335173887
robot_6	1779990205	392062346	1779990205393288241	1779990205394003921
robot_8	1779990205	394778415	1779990205396070686	1779990205396634691
robot_7	1779990205	433204826	1779990205434221321	1779990205435001989
robot_6	1779990205	492179323	1779990205495162327	1779990205495912475
robot_8	1779990205	495258333	1779990205499482836	1779990205500264236
robot_7	1779990205	533266942	1779990205535869917	1779990205536775614
robot_6	1779990205	592087234	1779990205593173436	1779990205593898815
robot_8	1779990205	594823800	1779990205595805018	1779990205596330934
robot_7	1779990205	633165825	1779990205634217722	1779990205635082996
robot_6	1779990205	692075908	1779990205693035782	1779990205693788808
robot_8	1779990205	694921568	1779990205696014008	1779990205696654514
robot_7	1779990205	733250947	1779990205734470335	1779990205735464667
robot_6	1779990205	792008272	1779990205793055966	1779990205794079824
robot_8	1779990205	794907801	1779990205795944068	1779990205796589294
robot_7	1779990205	833237343	1779990205834217087	1779990205835004671
robot_8	1779990205	895299802	1779990205897579115	1779990205898299403
robot_7	1779990205	933144336	1779990205934113569	1779990205934855145
robot_8	1779990205	994826450	1779990205995849169	1779990205996411114
robot_7	1779990206	33127588	1779990206034130622	1779990206034817595
robot_8	1779990206	94810669	1779990206095723603	1779990206096305513
robot_7	1779990206	133439726	1779990206134698863	1779990206135853078
robot_8	1779990207	194969792	1779990207195855780	1779990207212276489
robot_7	1779990207	233151085	1779990207234955764	1779990207235766670
robot_8	1779990207	294833580	1779990207295742362	1779990207296298131
robot_7	1779990207	333296432	1779990207334659096	1779990207335668991
robot_8	1779990207	395033887	1779990207396256197	1779990207397172842
robot_7	1779990207	433161113	1779990207434162918	1779990207434936709
robot_8	1779990207	495179266	1779990207498607366	1779990207499442970
robot_7	1779990207	533367654	1779990207534577510	1779990207535507560
robot_8	1779990207	594987283	1779990207595964807	1779990207596598318
robot_7	1779990207	633173240	1779990207634078483	1779990207634778886
robot_8	1779990207	694920364	1779990207695800317	1779990207696393459
robot_7	1779990207	733253705	1779990207734447887	1779990207735288713
robot_8	1779990207	794825761	1779990207795792422	1779990207796359657
robot_7	1779990207	833170869	1779990207834131547	1779990207835018062
robot_8	1779990207	895212600	1779990207897595191	1779990207898317295
robot_7	1779990207	933201162	1779990207934237717	1779990207935037222
robot_8	1779990207	995285884	1779990207996511261	1779990207997218189
robot_7	1779990208	33170113	1779990208034114752	1779990208034743511
robot_8	1779990208	94856889	1779990208095902406	1779990208096483045
robot_7	1779990208	133455473	1779990208135277661	1779990208136143767
robot_8	1779990209	194944539	1779990209195931823	1779990209213383144
robot_7	1779990209	233122427	1779990209234121516	1779990209234825419
robot_8	1779990209	294909326	1779990209296013877	1779990209296627234
robot_7	1779990209	333378820	1779990209334642769	1779990209335720154
robot_8	1779990209	394830157	1779990209395929186	1779990209396510874
robot_7	1779990209	433227437	1779990209434257891	1779990209435032170
robot_8	1779990209	495163043	1779990209498638175	1779990209499247300
robot_7	1779990209	533195944	1779990209534166019	1779990209535073154
robot_8	1779990209	595150518	1779990209596653039	1779990209598174229
robot_7	1779990209	633302555	1779990209634676176	1779990209635525066
robot_8	1779990209	694946748	1779990209695850291	1779990209696379885
robot_7	1779990209	733292215	1779990209734605366	1779990209735700023
robot_8	1779990209	794775516	1779990209795722791	1779990209796317417
robot_7	1779990209	833133261	1779990209834070042	1779990209834788067
robot_8	1779990209	894924237	1779990209897671817	1779990209898315316
robot_7	1779990209	933237203	1779990209934448251	1779990209935292649
robot_8	1779990209	994851914	1779990209995928734	1779990209996496040
robot_7	1779990210	33159039	1779990210034230605	1779990210034882103
robot_8	1779990210	94817202	1779990210095995861	1779990210096560498
robot_7	1779990210	133227438	1779990210134475027	1779990210135404959
robot_1	1779990265	946890808	1779990265948133020	1779990265949068088
robot_1	1779990266	46914276	1779990266048224667	1779990266049017377
robot_1	1779990266	146364503	1779990266152919699	1779990266153549131
robot_1	1779990267	246826706	1779990267248213245	1779990267271386899
robot_1	1779990267	346425941	1779990267352907850	1779990267353482117
robot_1	1779990267	446609520	1779990267447673021	1779990267448338281
robot_1	1779990267	546629577	1779990267547635297	1779990267548411445
robot_1	1779990267	646925787	1779990267648147233	1779990267648947846
robot_1	1779990267	746381702	1779990267752702859	1779990267753261740
robot_1	1779990267	846844514	1779990267847808712	1779990267848628222
robot_1	1779990267	946651520	1779990267947654846	1779990267948392935
robot_1	1779990268	46589312	1779990268047748289	1779990268048543883
robot_1	1779990268	146401935	1779990268153226454	1779990268153764890
robot_1	1779990269	246689463	1779990269249106076	1779990269274307480
robot_1	1779990269	346501931	1779990269355857692	1779990269356833283
robot_1	1779990269	446784682	1779990269447987527	1779990269449010926
robot_1	1779990269	546648561	1779990269547638998	1779990269548303032
robot_1	1779990269	646552939	1779990269647567684	1779990269648581838
robot_1	1779990269	746437512	1779990269752790806	1779990269753450665
robot_1	1779990269	846714634	1779990269848680339	1779990269849423156
robot_1	1779990269	946549407	1779990269947451477	1779990269948043099
robot_1	1779990270	46807783	1779990270047823078	1779990270048561321
robot_1	1779990270	146447169	1779990270152817741	1779990270153497996
robot_1	1779990271	246575965	1779990271247784567	1779990271275325011
robot_1	1779990271	346364472	1779990271353073598	1779990271353698735
robot_1	1779990271	446644569	1779990271447661482	1779990271448349513
robot_1	1779990271	546567674	1779990271547528979	1779990271548284094
robot_1	1779990271	646984412	1779990271648445595	1779990271649402972
robot_1	1779990271	746434963	1779990271753573659	1779990271754222450
robot_1	1779990271	846648518	1779990271847631986	1779990271848294902
robot_1	1779990271	946633379	1779990271947779030	1779990271948655104
robot_1	1779990272	47843408	1779990272049634769	1779990272050807440
robot_1	1779990272	146512673	1779990272155941371	1779990272156819432
robot_1	1779990273	246736660	1779990273248055686	1779990273277348250
robot_1	1779990273	346409205	1779990273352847824	1779990273353404761
robot_1	1779990273	446615173	1779990273447619812	1779990273448372147
robot_1	1779990273	546827087	1779990273547831566	1779990273548548136
robot_1	1779990273	646946345	1779990273648120767	1779990273648984114
robot_1	1779990273	746463069	1779990273753278521	1779990273754001567
robot_1	1779990273	846657726	1779990273847649129	1779990273848309014
robot_1	1779990273	946639458	1779990273947536807	1779990273948201170
robot_1	1779990274	46701498	1779990274047827337	1779990274048660190
robot_1	1779990274	146494608	1779990274154372269	1779990274155208396
robot_1	1779990275	246780175	1779990275248032767	1779990275279308988
robot_1	1779990275	346376065	1779990275353017457	1779990275353771110
robot_1	1779990275	446784643	1779990275447863893	1779990275448513015
robot_1	1779990275	546673366	1779990275547792462	1779990275548422376
robot_1	1779990275	646692370	1779990275647830840	1779990275648756539
robot_1	1779990275	746407739	1779990275753463564	1779990275754252435
robot_1	1779990275	846610546	1779990275847619125	1779990275848278895
robot_1	1779990275	946822287	1779990275948262790	1779990275949317960
robot_1	1779990276	46744959	1779990276048076025	1779990276048843585
robot_1	1779990276	146603517	1779990276156056846	1779990276156870526
robot_1	1779990277	246676388	1779990277247846359	1779990277281340939
robot_1	1779990277	346409864	1779990277353061162	1779990277353859118
robot_1	1779990277	446816326	1779990277447837826	1779990277448634961
robot_1	1779990277	546684791	1779990277547622425	1779990277548537149
robot_1	1779990277	646577998	1779990277647714964	1779990277648812055
robot_1	1779990277	746364354	1779990277752853256	1779990277753390544
robot_1	1779990277	846820190	1779990277848009322	1779990277848745086
robot_1	1779990277	946572065	1779990277947493360	1779990277948206610
robot_1	1779990278	46653045	1779990278048196621	1779990278049047805
robot_1	1779990278	146415901	1779990278152891019	1779990278153457993
robot_1	1779990279	246758111	1779990279247877236	1779990279283334626
robot_1	1779990279	346387238	1779990279352663704	1779990279353181936
robot_1	1779990279	446612871	1779990279447546180	1779990279448169354
robot_1	1779990279	546640726	1779990279547600949	1779990279548347784
robot_1	1779990279	646625418	1779990279647724972	1779990279648536309
robot_1	1779990279	746399964	1779990279752797220	1779990279753381662
robot_1	1779990279	846747100	1779990279848037308	1779990279848716632
robot_1	1779990279	946752802	1779990279947685250	1779990279948337445
robot_1	1779990280	46580015	1779990280048523041	1779990280049439399
robot_1	1779990280	146495012	1779990280153455611	1779990280154185440
robot_1	1779990281	246786322	1779990281247998446	1779990281286317263
robot_1	1779990281	346490394	1779990281353245584	1779990281353788997
robot_1	1779990281	446899101	1779990281448080316	1779990281449967488
robot_1	1779990281	546918193	1779990281547983999	1779990281548762313
robot_1	1779990281	646911976	1779990281648371205	1779990281649395132
robot_1	1779990281	746559168	1779990281755079390	1779990281756138745
robot_1	1779990281	846880460	1779990281848142840	1779990281848882367
robot_1	1779990281	946668661	1779990281947729859	1779990281948354324
robot_1	1779990282	46677106	1779990282048017670	1779990282049006835
robot_1	1779990282	146665796	1779990282153896093	1779990282154687714
robot_1	1779990283	246784954	1779990283247852094	1779990283287482059
robot_1	1779990283	346441019	1779990283353036484	1779990283353856203
robot_1	1779990283	446624282	1779990283447734404	1779990283448499436
robot_1	1779990283	546651088	1779990283547711212	1779990283548442903
robot_1	1779990283	646646196	1779990283647991022	1779990283648884366
robot_1	1779990283	746419314	1779990283753043457	1779990283753821521
robot_1	1779990283	846607709	1779990283847679228	1779990283848378213
robot_1	1779990283	946592208	1779990283947509354	1779990283948231609
robot_1	1779990284	46824646	1779990284048278741	1779990284049241503
robot_1	1779990284	146464046	1779990284153406453	1779990284153964551
robot_1	1779990285	246743592	1779990285247726478	1779990285289293793
robot_1	1779990285	346454181	1779990285353615139	1779990285354569722
robot_1	1779990285	446578803	1779990285447592612	1779990285448235493
robot_1	1779990285	546538047	1779990285547647646	1779990285548327133
robot_1	1779990285	646676271	1779990285648052934	1779990285648927256
robot_1	1779990285	746435956	1779990285752893457	1779990285753564587
robot_1	1779990285	846629700	1779990285847685683	1779990285848435441
robot_1	1779990285	946597274	1779990285947630012	1779990285948311616
robot_1	1779990286	46671220	1779990286048015137	1779990286048934528
robot_1	1779990286	146402922	1779990286153418616	1779990286153979280
robot_1	1779990286	246629508	1779990286247723940	1779990286248393658
robot_1	1779990287	346370622	1779990287352985275	1779990287353519800
robot_1	1779990287	446795513	1779990287448208091	1779990287449263562
robot_1	1779990287	546941032	1779990287548356822	1779990287549224993
robot_1	1779990287	646786097	1779990287648187951	1779990287648959271
robot_1	1779990287	746489874	1779990287753636173	1779990287754327172
robot_1	1779990287	846622581	1779990287847614282	1779990287848275118
robot_1	1779990287	946619553	1779990287947611626	1779990287948230028
robot_1	1779990288	46887346	1779990288048490315	1779990288049768782
robot_1	1779990288	146459854	1779990288153609690	1779990288154314616
robot_1	1779990288	246693004	1779990288248073011	1779990288249035852
robot_1	1779990289	346403855	1779990289353660556	1779990289354336001
robot_1	1779990289	446740316	1779990289447982192	1779990289448942214
robot_1	1779990289	546778422	1779990289548143324	1779990289548866988
robot_1	1779990289	646835015	1779990289648150766	1779990289648872368
robot_1	1779990289	746403183	1779990289753869928	1779990289754543957
robot_1	1779990289	846626678	1779990289847688175	1779990289848324853
robot_1	1779990289	946591040	1779990289947555675	1779990289948212628
robot_1	1779990290	46579765	1779990290048041787	1779990290049110644
robot_1	1779990290	146430082	1779990290153279165	1779990290153898121
robot_1	1779990290	246673752	1779990290248578737	1779990290249257628
robot_1	1779990291	346427493	1779990291353014282	1779990291353644885
robot_1	1779990291	446632555	1779990291447833596	1779990291448524707
robot_1	1779990291	546540962	1779990291547622964	1779990291548232433
robot_1	1779990291	646580207	1779990291648191530	1779990291649235288
robot_1	1779990291	746416561	1779990291753151940	1779990291753806532
robot_1	1779990291	846626666	1779990291847599835	1779990291848280360
robot_1	1779990291	946940854	1779990291948025405	1779990291948717661
robot_1	1779990292	46638520	1779990292048184463	1779990292049231831
robot_1	1779990292	146387659	1779990292153233055	1779990292153865568
robot_1	1779990292	246634913	1779990292247804945	1779990292248451171
robot_1	1779990293	346395461	1779990293353162223	1779990293353688305
robot_1	1779990293	446632995	1779990293447773146	1779990293448548072
robot_1	1779990293	546623872	1779990293547657920	1779990293548344539
robot_1	1779990293	646569541	1779990293647720051	1779990293648661773
robot_1	1779990293	746466518	1779990293753152096	1779990293753727043
robot_1	1779990293	846659377	1779990293847725687	1779990293848448721
robot_1	1779990293	946674465	1779990293947818137	1779990293948575762
robot_1	1779990294	46962638	1779990294048511598	1779990294049495193
robot_1	1779990294	146393123	1779990294152944335	1779990294153583061
robot_1	1779990294	246614725	1779990294247563771	1779990294248258476
robot_1	1779990295	346429622	1779990295353762854	1779990295354362506
robot_1	1779990295	446717771	1779990295447756347	1779990295448418685
robot_1	1779990295	546592479	1779990295547603868	1779990295548205278
robot_1	1779990295	646798194	1779990295648256666	1779990295649440555
robot_1	1779990295	746407023	1779990295752819201	1779990295753568517
robot_1	1779990295	846658745	1779990295847655342	1779990295848392379
robot_1	1779990295	946572394	1779990295947462022	1779990295948186062
robot_1	1779990296	46706799	1779990296048340973	1779990296049313242
robot_1	1779990296	146504884	1779990296153510344	1779990296154188917
robot_1	1779990296	246784608	1779990296247904583	1779990296248721046
robot_1	1779990297	346772773	1779990297353806914	1779990297354489715
robot_1	1779990297	446644846	1779990297447787087	1779990297448671075
robot_1	1779990297	546657662	1779990297547613485	1779990297548249239
robot_1	1779990297	647145472	1779990297648710338	1779990297649858136
robot_1	1779990297	746415529	1779990297753038847	1779990297753761089
robot_1	1779990297	846681894	1779990297847748848	1779990297848631283
robot_1	1779990297	946619981	1779990297947562607	1779990297948207868
robot_1	1779990298	46837016	1779990298048407077	1779990298049478933
robot_1	1779990298	146573211	1779990298153938991	1779990298154986775
robot_1	1779990298	246646193	1779990298247673981	1779990298248338976
robot_1	1779990299	346427478	1779990299353505107	1779990299354084018
robot_1	1779990299	446650954	1779990299447851271	1779990299448699852
robot_1	1779990299	547202891	1779990299548649350	1779990299551565453
robot_1	1779990299	646744354	1779990299648240284	1779990299653284253
robot_1	1779990299	746477331	1779990299753673687	1779990299754405487
robot_1	1779990299	846655864	1779990299847708850	1779990299848985242
robot_1	1779990299	946691430	1779990299947721877	1779990299948352136
robot_1	1779990300	46779815	1779990300048135907	1779990300049087272
robot_1	1779990300	146649015	1779990300154291198	1779990300154984029
robot_1	1779990300	246632518	1779990300247660176	1779990300248324367
robot_1	1779990301	346431889	1779990301353275234	1779990301353925359
robot_1	1779990301	446615928	1779990301447661932	1779990301448358030
robot_1	1779990301	546786290	1779990301547960554	1779990301548582933
robot_1	1779990301	646708285	1779990301648042076	1779990301648843198
robot_1	1779990301	746425595	1779990301752945136	1779990301753513439
robot_1	1779990301	846686426	1779990301847769362	1779990301848665882
robot_1	1779990301	946606010	1779990301947716057	1779990301948342853
robot_1	1779990302	46659279	1779990302048189097	1779990302048892250
robot_1	1779990302	146704159	1779990302152847465	1779990302153458276
robot_1	1779990302	247633625	1779990302251740279	1779990302252747345
robot_1	1779990303	346414046	1779990303353498383	1779990303354074664
robot_1	1779990303	446637521	1779990303447881868	1779990303448571574
robot_1	1779990303	546745905	1779990303547858272	1779990303548527317
robot_1	1779990303	646645607	1779990303648621315	1779990303649333182
robot_1	1779990303	746485672	1779990303753054709	1779990303753637738
robot_1	1779990303	846664736	1779990303847753501	1779990303848538757
robot_1	1779990303	946726203	1779990303947787398	1779990303948516578
robot_1	1779990304	47031095	1779990304049371016	1779990304050569690
robot_1	1779990304	146476959	1779990304153261772	1779990304153902338
robot_1	1779990304	246613358	1779990304247605697	1779990304248231571
robot_1	1779990305	346366600	1779990305353008604	1779990305353842031
robot_1	1779990305	446618576	1779990305447758651	1779990305448413648
robot_1	1779990305	546817584	1779990305548588890	1779990305549244741
robot_1	1779990305	646757964	1779990305648063506	1779990305648951713
robot_1	1779990305	746406890	1779990305752868944	1779990305753427509
robot_1	1779990305	846626434	1779990305847843126	1779990305848517275
robot_1	1779990305	946861706	1779990305948065494	1779990305948869090
robot_1	1779990306	46930035	1779990306049543886	1779990306050596217
robot_1	1779990306	146421504	1779990306153535682	1779990306154397707
robot_1	1779990306	246654311	1779990306247745442	1779990306248393577
robot_8	1779990341	394964230	1779990341396036936	1779990341396670868
robot_8	1779990341	494978014	1779990341499828692	1779990341500366311
robot_8	1779990341	595062664	1779990341596279927	1779990341596914373
robot_8	1779990341	694871774	1779990341695888958	1779990341696483867
robot_8	1779990341	795138340	1779990341796469305	1779990341797349770
robot_8	1779990341	894943528	1779990341898604487	1779990341899226165
robot_8	1779990341	994934730	1779990341996068894	1779990341996693559
robot_8	1779990342	94883061	1779990342095887883	1779990342096489707
robot_8	1779990342	195064728	1779990342196425433	1779990342197275503
robot_8	1779990342	295301437	1779990342300494980	1779990342301456752
robot_8	1779990343	394808220	1779990343395882405	1779990343396459438
robot_8	1779990343	495259897	1779990343498152276	1779990343498757314
robot_8	1779990343	594820676	1779990343596081681	1779990343596849853
robot_8	1779990343	694829011	1779990343695923739	1779990343696634961
robot_8	1779990343	794753613	1779990343795663971	1779990343796277583
robot_8	1779990343	895137532	1779990343898259581	1779990343898882987
robot_8	1779990343	995037569	1779990343996184013	1779990343997127767
robot_7	1779990344	33197931	1779990344034243802	1779990344034968360
robot_6	1779990344	92199819	1779990344093365282	1779990344094214346
robot_8	1779990344	95087695	1779990344096626032	1779990344097214775
robot_7	1779990344	133405709	1779990344134730801	1779990344135779714
robot_6	1779990344	192142964	1779990344193201031	1779990344193902178
robot_8	1779990344	194957749	1779990344195967717	1779990344196555619
robot_7	1779990344	233236873	1779990344234295753	1779990344235196052
robot_6	1779990344	292301988	1779990344294829077	1779990344295619687
robot_8	1779990344	294985988	1779990344297812205	1779990344298424788
robot_7	1779990345	333424372	1779990345334649614	1779990345359392842
robot_6	1779990345	392171444	1779990345393085700	1779990345393769760
robot_8	1779990345	394772169	1779990345395977904	1779990345396494975
robot_7	1779990345	433152493	1779990345434137973	1779990345434843090
robot_6	1779990345	492506689	1779990345494712518	1779990345495791679
robot_8	1779990345	494914797	1779990345498258785	1779990345498739591
robot_7	1779990345	533160328	1779990345534052275	1779990345534814409
robot_6	1779990345	592167839	1779990345593131520	1779990345593789386
robot_8	1779990345	594929560	1779990345595896682	1779990345596417592
robot_7	1779990345	633225467	1779990345634222289	1779990345634978813
robot_6	1779990345	692182741	1779990345693176220	1779990345694005533
robot_8	1779990345	694874201	1779990345695806945	1779990345696479998
robot_7	1779990345	733402554	1779990345734605114	1779990345735300192
robot_6	1779990345	792076518	1779990345793383489	1779990345794177809
robot_8	1779990345	795085368	1779990345796029938	1779990345796532037
robot_7	1779990345	833142798	1779990345834010195	1779990345834683419
robot_6	1779990345	892315501	1779990345894715713	1779990345895747186
robot_8	1779990345	895071499	1779990345897707777	1779990345898257678
robot_7	1779990345	933186235	1779990345934038793	1779990345934845842
robot_6	1779990345	992142822	1779990345993335420	1779990345994183445
robot_8	1779990345	994947317	1779990345995962579	1779990345996573720
robot_7	1779990346	33154308	1779990346034211572	1779990346034962311
robot_6	1779990346	92083228	1779990346093020130	1779990346093721286
robot_8	1779990346	94865634	1779990346095813279	1779990346096293524
robot_7	1779990346	133317873	1779990346134562958	1779990346135729465
robot_6	1779990346	192226967	1779990346193273775	1779990346193988918
robot_8	1779990346	194960432	1779990346196060947	1779990346196555689
robot_7	1779990346	233165565	1779990346234191839	1779990346234805791
robot_6	1779990346	292250595	1779990346294992436	1779990346295870862
robot_8	1779990346	294941237	1779990346298588391	1779990346299192042
robot_7	1779990347	333528942	1779990347335054990	1779990347360319823
robot_6	1779990347	392085597	1779990347393029695	1779990347393764985
robot_8	1779990347	394870099	1779990347395849969	1779990347396454079
robot_7	1779990347	433176814	1779990347434118877	1779990347434826839
robot_6	1779990347	492230635	1779990347496695191	1779990347497445723
robot_8	1779990347	494920326	1779990347497832245	1779990347498239244
robot_7	1779990347	533195962	1779990347534273485	1779990347534991399
robot_6	1779990347	592105928	1779990347593226593	1779990347593911996
robot_8	1779990347	594829121	1779990347595869231	1779990347596395949
robot_7	1779990347	633266319	1779990347634276193	1779990347634985842
robot_6	1779990347	692132128	1779990347693527077	1779990347694471908
robot_8	1779990347	695199309	1779990347696488356	1779990347697431754
robot_7	1779990347	733271681	1779990347734534804	1779990347735564885
robot_6	1779990347	792151388	1779990347793192664	1779990347794007280
robot_8	1779990347	794745908	1779990347796013356	1779990347796633243
robot_7	1779990347	833150928	1779990347834102436	1779990347834797967
robot_6	1779990347	892244696	1779990347894734592	1779990347895658142
robot_8	1779990347	894970392	1779990347897860735	1779990347898419953
robot_7	1779990347	933155948	1779990347934245721	1779990347935058793
robot_6	1779990347	992078907	1779990347993071357	1779990347993781229
robot_8	1779990347	994857954	1779990347995811440	1779990347996411736
robot_7	1779990348	33216733	1779990348034371441	1779990348035394264
robot_6	1779990348	92177101	1779990348093281969	1779990348094067943
robot_8	1779990348	94947082	1779990348096018423	1779990348096621262
robot_7	1779990348	133589395	1779990348134899064	1779990348135875838
robot_6	1779990348	192082385	1779990348193114368	1779990348193827150
robot_8	1779990348	194792502	1779990348195860501	1779990348196405065
robot_7	1779990348	233209973	1779990348234966298	1779990348235798444
robot_6	1779990348	292398839	1779990348295116774	1779990348296348545
robot_8	1779990348	294982233	1779990348297603465	1779990348298143432
robot_7	1779990349	333936428	1779990349335926808	1779990349363267185
robot_6	1779990349	392074445	1779990349393214514	1779990349394147154
robot_8	1779990349	394804185	1779990349395709612	1779990349396255543
robot_7	1779990349	433156308	1779990349434047979	1779990349434805658
robot_6	1779990349	492278666	1779990349495009450	1779990349495914091
robot_8	1779990349	495113981	1779990349497988688	1779990349498684404
robot_7	1779990349	533153832	1779990349534107704	1779990349534731768
robot_6	1779990349	592196861	1779990349593163675	1779990349593836575
robot_8	1779990349	594844786	1779990349595753282	1779990349596280276
robot_7	1779990349	633246789	1779990349634309100	1779990349635007289
robot_6	1779990349	692077471	1779990349693537986	1779990349694310228
robot_8	1779990349	694983976	1779990349696121983	1779990349696842450
robot_7	1779990349	733416366	1779990349734623015	1779990349735357644
robot_6	1779990349	792149923	1779990349793046198	1779990349793690834
robot_8	1779990349	794780925	1779990349796442120	1779990349797234071
robot_7	1779990349	833194181	1779990349834070776	1779990349834718484
robot_6	1779990349	892273962	1779990349894704461	1779990349895556486
robot_8	1779990349	895158537	1779990349898230966	1779990349898801387
robot_7	1779990349	933240327	1779990349934204610	1779990349934853628
robot_6	1779990349	992249080	1779990349993510664	1779990349994321112
robot_8	1779990349	994914345	1779990349996068296	1779990349996624224
robot_7	1779990350	33183912	1779990350034311855	1779990350035015660
robot_6	1779990350	92023738	1779990350093012261	1779990350093724286
robot_8	1779990350	94876237	1779990350096136765	1779990350096814100
robot_7	1779990350	133246893	1779990350134604983	1779990350135432096
robot_6	1779990350	192085115	1779990350193170103	1779990350193819231
robot_8	1779990350	194807185	1779990350195872088	1779990350196363136
robot_7	1779990350	233223298	1779990350234163399	1779990350234807968
robot_6	1779990350	292233377	1779990350294659040	1779990350295408910
robot_8	1779990350	295041699	1779990350298015224	1779990350298585981
robot_7	1779990351	333162724	1779990351338808558	1779990351365247271
robot_6	1779990351	392086131	1779990351393283299	1779990351394239429
robot_8	1779990351	395158825	1779990351396284955	1779990351396929023
robot_7	1779990351	433182184	1779990351434037649	1779990351434799992
robot_6	1779990351	492456200	1779990351496546705	1779990351497291366
robot_8	1779990351	495290294	1779990351499162942	1779990351499744858
robot_7	1779990351	533194867	1779990351534450919	1779990351535560245
robot_6	1779990351	592118146	1779990351593218814	1779990351594209355
robot_8	1779990351	595114164	1779990351596299467	1779990351596993417
robot_7	1779990351	633249603	1779990351634367948	1779990351635317131
robot_6	1779990351	692312552	1779990351693444319	1779990351694266678
robot_8	1779990351	695286747	1779990351696614970	1779990351697338839
robot_7	1779990351	733240384	1779990351734445016	1779990351735393578
robot_6	1779990351	792070522	1779990351793314080	1779990351794071713
robot_8	1779990351	795006698	1779990351796138784	1779990351796728295
robot_7	1779990351	833167125	1779990351834365946	1779990351835230723
robot_6	1779990351	892370019	1779990351897058038	1779990351897819475
robot_8	1779990351	895252259	1779990351899775464	1779990351900398263
robot_7	1779990351	933224175	1779990351934329555	1779990351935241656
robot_6	1779990351	992057260	1779990351993066274	1779990351994064946
robot_8	1779990351	995131166	1779990351996500717	1779990351997362483
robot_7	1779990352	33206222	1779990352034293102	1779990352035079567
robot_6	1779990352	92223664	1779990352093220025	1779990352094019908
robot_8	1779990352	95189857	1779990352096320167	1779990352096908688
robot_7	1779990352	133527586	1779990352135063929	1779990352136437197
robot_6	1779990352	191980631	1779990352193059881	1779990352193826388
robot_8	1779990352	194939674	1779990352196139176	1779990352196713334
robot_7	1779990352	233133741	1779990352234061877	1779990352234846255
robot_6	1779990352	292404205	1779990352295392657	1779990352296708992
robot_8	1779990352	295863006	1779990352298996389	1779990352299636900
robot_7	1779990353	333758555	1779990353335322725	1779990353366286390
robot_6	1779990353	392072589	1779990353393240582	1779990353393937679
robot_8	1779990353	394816540	1779990353395903504	1779990353396423361
robot_7	1779990353	433166062	1779990353434182476	1779990353434920459
robot_6	1779990353	492431199	1779990353494496678	1779990353495447817
robot_8	1779990353	495215300	1779990353498505864	1779990353499151089
robot_7	1779990353	533185738	1779990353535279965	1779990353536169129
robot_6	1779990353	592170477	1779990353593227439	1779990353593939136
robot_8	1779990353	594907182	1779990353596032938	1779990353596727925
robot_7	1779990353	633201301	1779990353634180176	1779990353634970331
robot_6	1779990353	692151946	1779990353693206117	1779990353694264399
robot_8	1779990353	694900127	1779990353696215426	1779990353696755060
robot_7	1779990353	733286793	1779990353734717160	1779990353735826368
robot_6	1779990353	792187841	1779990353793633956	1779990353794501902
robot_8	1779990353	795204103	1779990353796625547	1779990353797632379
robot_7	1779990353	833238082	1779990353834162579	1779990353834845811
robot_6	1779990353	892280147	1779990353894494633	1779990353895479363
robot_8	1779990353	894956132	1779990353898030696	1779990353898756268
robot_7	1779990353	933203632	1779990353934360841	1779990353935134616
robot_6	1779990353	992029742	1779990353993018310	1779990353993875957
robot_8	1779990353	994948239	1779990353996029551	1779990353996788721
robot_7	1779990354	33140063	1779990354034152400	1779990354034892604
robot_6	1779990354	92350125	1779990354093474745	1779990354094365829
robot_8	1779990354	95161626	1779990354096257354	1779990354096961889
robot_7	1779990354	133317959	1779990354134669826	1779990354135942396
robot_6	1779990354	192296666	1779990354193651804	1779990354194368102
robot_8	1779990354	194886892	1779990354195933647	1779990354196449588
robot_7	1779990354	233192887	1779990354234169336	1779990354234786964
robot_6	1779990354	292517453	1779990354295499446	1779990354296522565
robot_8	1779990354	294960927	1779990354298233696	1779990354298689784
robot_7	1779990355	333468171	1779990355335441601	1779990355368289976
robot_6	1779990355	392116551	1779990355393119080	1779990355393838485
robot_8	1779990355	394857225	1779990355395968570	1779990355396485683
robot_7	1779990355	433385160	1779990355435129060	1779990355436303906
robot_6	1779990355	492254653	1779990355494480608	1779990355495738124
robot_8	1779990355	494961674	1779990355498081147	1779990355498745363
robot_7	1779990355	533208736	1779990355534170328	1779990355534755309
robot_6	1779990355	592028108	1779990355593114909	1779990355593823627
robot_8	1779990355	594870509	1779990355596007502	1779990355596650149
robot_7	1779990355	633150344	1779990355634290219	1779990355635012421
robot_6	1779990355	692116986	1779990355693194170	1779990355693930208
robot_8	1779990355	694862436	1779990355696463903	1779990355697219999
robot_7	1779990355	733299598	1779990355734395598	1779990355735260314
robot_6	1779990355	792208947	1779990355793135383	1779990355793766142
robot_8	1779990355	794903488	1779990355795855959	1779990355796391727
robot_7	1779990355	833171811	1779990355834051105	1779990355834717522
robot_6	1779990355	892418443	1779990355896442288	1779990355897557656
robot_8	1779990355	895333596	1779990355899970633	1779990355900661085
robot_7	1779990355	933233924	1779990355934248453	1779990355934934849
robot_8	1779990355	994955265	1779990355996023985	1779990355996694897
robot_7	1779990356	33168412	1779990356034073960	1779990356034718200
robot_8	1779990356	94948106	1779990356096052196	1779990356096604219
robot_7	1779990356	133393181	1779990356134725830	1779990356135858060
robot_8	1779990356	194940928	1779990356196423076	1779990356197023593
robot_7	1779990356	233167911	1779990356234081238	1779990356234749625
robot_8	1779990356	295009880	1779990356298696124	1779990356299508885
robot_7	1779990357	333342227	1779990357334760302	1779990357371531634
robot_8	1779990357	394800750	1779990357396043418	1779990357396635850
robot_7	1779990357	433135559	1779990357434058249	1779990357434828942
robot_8	1779990357	495012775	1779990357498702617	1779990357499298235
robot_7	1779990357	533164184	1779990357534213029	1779990357534939976
robot_8	1779990357	594828158	1779990357595832104	1779990357596387416
robot_7	1779990357	633185968	1779990357634192266	1779990357635054884
robot_8	1779990357	694998091	1779990357696165861	1779990357696920792
robot_7	1779990357	733694820	1779990357734910272	1779990357735832878
robot_8	1779990357	795146249	1779990357796404916	1779990357797394887
robot_7	1779990357	833291878	1779990357834495316	1779990357835322874
robot_8	1779990357	895301014	1779990357900685284	1779990357901472024
robot_7	1779990357	933211351	1779990357935356665	1779990357936230580
robot_8	1779990357	995123691	1779990357996297972	1779990357997087325
robot_7	1779990358	33394795	1779990358034746642	1779990358035971921
robot_8	1779990358	95229107	1779990358096410882	1779990358097152506
robot_7	1779990358	133386651	1779990358135899594	1779990358137477652
robot_8	1779990358	195130981	1779990358196491248	1779990358197424488
robot_7	1779990358	233675780	1779990358235121466	1779990358235984742
robot_8	1779990358	295221226	1779990358298940894	1779990358299645058
robot_7	1779990359	333351684	1779990359334598865	1779990359374315376
robot_8	1779990359	394834818	1779990359395803025	1779990359396447582
robot_7	1779990359	433138316	1779990359433994351	1779990359434699482
robot_8	1779990359	494925333	1779990359498081284	1779990359498811189
robot_7	1779990359	533191148	1779990359534294351	1779990359535035594
robot_8	1779990359	595116198	1779990359596343732	1779990359597194054
robot_7	1779990359	633256639	1779990359634396587	1779990359635149592
robot_8	1779990359	694944759	1779990359695959685	1779990359696665047
robot_7	1779990359	733507692	1779990359734777813	1779990359735816237
robot_8	1779990359	794865695	1779990359796051719	1779990359796676509
robot_7	1779990359	833175692	1779990359834068531	1779990359834704966
robot_8	1779990359	894964399	1779990359897736443	1779990359898262879
robot_7	1779990359	933170148	1779990359934070430	1779990359934691045
robot_8	1779990359	994984471	1779990359996000356	1779990359996577985
robot_7	1779990360	33170494	1779990360034155565	1779990360034796925
robot_8	1779990360	95003403	1779990360096224100	1779990360096987100
robot_7	1779990360	234875775	1779990360236395791	1779990360238295692
